  334  12.8  0.0  0.0  chr1       919978  920053 (246329666) +  Alu            SINE/Alu               234  290   (11)    562
  226  19.6  7.8  0.0  chr1      1148661 1148711 (246101008) C  Alu            SINE/Alu              (19)  281    227    140
  240  26.9  0.0  1.5  chr1      1302567 1302590 (245947129) +  Alu            SINE/Alu               113  136  (166)    299
  240  26.9  0.0  1.5  chr1      1302897 1302939 (245946780) +  Alu            SINE/Alu               137  179  (123)    301
  279   6.8  0.0  2.2  chr1      1310657 1310701 (245939018) C  Alu            SINE/Alu             (258)   44      1    320
  315   9.4  1.5  1.5  chr1      1310702 1310745 (245938974) C  Alu            SINE/Alu             (256)   44      1    321
  336   6.2  1.5  1.5  chr1      1310746 1310789 (245938930) C  Alu            SINE/Alu             (256)   44      1    322
  291   9.4  1.5  1.5  chr1      1310790 1310833 (245938886) C  Alu            SINE/Alu             (256)   44      1    323
  280   9.7  1.6  1.6  chr1      1310834 1310877 (245938842) C  Alu            SINE/Alu             (256)   44      1    324
  347  10.0  0.0  0.0  chr1      1321454 1321503 (245928216) +  Alu            SINE/Alu                 1   50  (252)    335
  484   9.9  0.0  4.0  chr1      1372091 1372164 (245877555) C  Alu            SINE/Alu              (19)  291    221    411
