 1510  19.0  1.0  0.7  chr1       673178  673469 (246576250) +  AluJb          SINE/Alu                 1  293   (19)    250
 1451  19.9  1.4  1.7  chr1       676870  677032 (246572687) C  AluJb          SINE/Alu              (13)  299    137    259
 1451  19.9  1.4  1.7  chr1       677319  677445 (246572274) C  AluJb          SINE/Alu             (176)  136     12    259
  650  20.8  0.0  0.0  chr1       681546  681665 (246568054) C  AluJb          SINE/Alu               (8)  304    185    269
  972  14.5  0.0  0.0  chr1       683918  684062 (246565657) +  AluJb          SINE/Alu               130  274   (38)    280
 1543  20.1  0.0  0.0  chr1       684405  684688 (246565031) +  AluJb          SINE/Alu                 1  284   (28)    281
  280  12.7 15.9  0.0  chr1       703623  703685 (246546034) C  AluJb          SINE/Alu             (185)  117     45    314
 1191  15.1  0.5  3.4  chr1       705094  705299 (246544420) +  AluJb          SINE/Alu                 1  200  (112)    317
 1193  17.9  5.4 11.4  chr1       705504  705818 (246543901) C  AluJb          SINE/Alu               (5)  297      2    319
 1477  18.3  5.9  0.0  chr1       817427  817699 (246432020) +  AluJb          SINE/Alu                 1  289   (23)    446
 1821  16.7  0.0  0.3  chr1       826185  826484 (246423235) +  AluJb          SINE/Alu                 1  299   (13)    459
 1084  16.4  1.0  1.0  chr1       909824  909854 (246339865) C  AluJb          SINE/Alu               (0)  312    283    538
 1083  16.4  1.0  1.0  chr1       909901  910065 (246339654) C  AluJb          SINE/Alu              (30)  282    116    538
 1685  17.7  0.0  4.8  chr1       916419  916732 (246332987) C  AluJb          SINE/Alu              (13)  299      1    553
 1776  13.6  2.5  0.0  chr1       934068  934353 (246315366) C  AluJb          SINE/Alu               (9)  303     11    583
 1882  12.2  0.0  1.7  chr1       935011  935301 (246314418) C  AluJb          SINE/Alu               (0)  312     27    585
 1939  13.3  0.0  1.3  chr1       937990  938300 (246311419) +  AluJb          SINE/Alu                 3  309    (3)    592
 1028  18.5 24.2  6.5  chr1      1019335 1019582 (246230137) C  AluJb          SINE/Alu               (9)  293      2      4
 1649  16.8  5.1  0.3  chr1      1030481 1030772 (246218947) +  AluJb          SINE/Alu                 1  306    (6)     23
 1670  18.7  0.3  2.3  chr1      1036489 1036794 (246212925) +  AluJb          SINE/Alu                 1  300   (12)     34
 1140  14.8 26.6  0.4  chr1      1078903 1079139 (246170580) C  AluJb          SINE/Alu               (2)  300      2     77
 1813  12.8  5.6  0.0  chr1      1085067 1085354 (246164365) C  AluJb          SINE/Alu               (6)  306      3     85
 1501  21.1  1.7  1.0  chr1      1119123 1119410 (246130309) +  AluJb          SINE/Alu                 5  294   (18)    116
  900  19.6  2.1 23.8  chr1      1146519 1146900 (246102819) +  AluJb          SINE/Alu                 4  302    (0)    137
 1389  21.2  4.5  0.0  chr1      1146922 1147208 (246102511) +  AluJb          SINE/Alu                 1  300   (12)    138
 1609  19.4  0.7  1.0  chr1      1149873 1150174 (246099545) +  AluJb          SINE/Alu                 1  301   (11)    142
 1744  16.6  0.0  3.2  chr1      1177287 1177510 (246072209) +  AluJb          SINE/Alu                 1  217   (95)    168
 1744  16.6  0.0  3.2  chr1      1178453 1178538 (246071181) +  AluJb          SINE/Alu               218  300   (12)    168
 1459  15.4  6.7  0.4  chr1      1178564 1178830 (246070889) C  AluJb          SINE/Alu              (27)  285      2    170
 1512  16.3  7.8  0.0  chr1      1193939 1194208 (246055511) C  AluJb          SINE/Alu              (10)  302     12    189
  970  16.8  0.0  4.0  chr1      1226313 1226486 (246023233) C  AluJb          SINE/Alu              (18)  294    128    217
 1424  15.5  6.6  3.1  chr1      1243620 1243905 (246005814) +  AluJb          SINE/Alu                 2  297   (15)    236
  285  21.4  5.7  4.5  chr1      1289867 1289877 (245959842) +  AluJb          SINE/Alu               125  134  (168)    278
 1353  18.8  1.4  5.5  chr1      1293261 1293552 (245956167) C  AluJb          SINE/Alu              (12)  300     21    289
 1666  14.6  0.0  2.1  chr1      1333245 1333531 (245916188) +  AluJb          SINE/Alu                15  295   (17)    359
 1224  15.2 15.7  0.0  chr1      1334696 1334931 (245914788) C  AluJb          SINE/Alu              (19)  293     21    364
 1643  18.1  0.3  0.3  chr1      1350056 1350344 (245899375) +  AluJb          SINE/Alu                 2  290   (22)    381
 1801  14.8  1.4  0.0  chr1      1355111 1355400 (245894319) C  AluJb          SINE/Alu              (18)  294      1    394
 1866  15.3  3.3  0.0  chr1      1368941 1369241 (245880478) C  AluJb          SINE/Alu               (0)  312      2    404
