  613  22.2  0.0 13.2  chr1       672609  672710 (246577009) C  AluJo          SINE/Alu             (145)  167     72    246
  613  22.2  0.0 13.2  chr1       673028  673087 (246576632) C  AluJo          SINE/Alu             (241)   71     24    246
 1431  20.6  2.0  2.0  chr1       674344  674645 (246575074) +  AluJo          SINE/Alu                 1  302   (10)    252
 1269  25.8  0.7  0.3  chr1       675706  676001 (246573718) C  AluJo          SINE/Alu               (4)  298      2    255
 1400  21.6  1.4  0.3  chr1       677827  678118 (246571601) +  AluJo          SINE/Alu                 5  299   (13)    262
 1688  17.4  0.0  1.0  chr1       678982  679288 (246570431) +  AluJo          SINE/Alu                 1  304    (8)    265
 1233  23.1  0.7  2.3  chr1       681668  681968 (246567751) C  AluJo          SINE/Alu              (16)  296      1    270
 1313  20.8  2.9  2.9  chr1       682378  682684 (246567035) +  AluJo          SINE/Alu                 3  309    (3)    273
  897  23.7  0.0  0.5  chr1       702633  702840 (246546879) C  AluJo          SINE/Alu              (30)  282     76    308
  662  17.9  0.7  8.5  chr1       703292  703305 (246546414) +  AluJo          SINE/Alu                 6  145  (167)    311
  996   6.2  0.0  3.0  chr1       703306  703437 (246546282) C  AluJo          SINE/Alu             (162)  150     23    312
 1806  15.4  0.3  1.6  chr1       785425  785740 (246463979) C  AluJo          SINE/Alu               (0)  312      1    412
 1565  17.6  0.3  5.0  chr1       818182  818498 (246431221) +  AluJo          SINE/Alu                 3  304    (8)    447
 1463  18.1  4.4  1.7  chr1       879791  880088 (246369631) +  AluJo          SINE/Alu                 1  306    (6)    510
 1864  13.8  0.0  0.7  chr1       982270  982554 (246267165) +  AluJo          SINE/Alu                 5  287   (25)    631
 1069  19.8  7.8  0.0  chr1      1018050 1018291 (246231428) +  AluJo          SINE/Alu                33  293   (19)      2
 1525  12.0 10.2  1.9  chr1      1021444 1021707 (246228012) C  AluJo          SINE/Alu              (23)  289      4      6
 1525  18.0  0.3  5.1  chr1      1021979 1022271 (246227448) C  AluJo          SINE/Alu              (23)  289     11      7
 1691  15.9  0.3  3.3  chr1      1022650 1022955 (246226764) C  AluJo          SINE/Alu               (5)  307     11      9
  917  22.1 19.8  0.0  chr1      1028966 1029218 (246220501) C  AluJo          SINE/Alu               (4)  308      6     19
 1329  17.0  1.5  3.0  chr1      1034696 1034962 (246214757) C  AluJo          SINE/Alu               (0)  312     50     30
 1683  15.2  2.3  1.3  chr1      1042974 1043274 (246206445) C  AluJo          SINE/Alu               (7)  305      2     45
 1778  14.1  1.7  1.3  chr1      1073012 1073313 (246176406) +  AluJo          SINE/Alu                 1  303    (9)     73
 1401  17.4 11.3  4.3  chr1      1120746 1120892 (246128827) C  AluJo          SINE/Alu               (0)  302    136    119
 1773  15.9  1.0  0.7  chr1      1120893 1121183 (246128536) C  AluJo          SINE/Alu              (20)  292      1    120
 1401  17.4 11.3  4.3  chr1      1121184 1121317 (246128402) C  AluJo          SINE/Alu             (167)  135      1    119
 1392  16.2  0.4  0.4  chr1      1134804 1135032 (246114687) C  AluJo          SINE/Alu              (83)  229      1    129
 1582  14.5  1.2  7.8  chr1      1154434 1154754 (246094965) C  AluJo          SINE/Alu              (12)  300      1    147
 1624  16.8  1.1  0.0  chr1      1188977 1189244 (246060475) +  AluJo          SINE/Alu                23  293   (19)    180
 1630  15.3  3.6  2.6  chr1      1226500 1226801 (246022918) C  AluJo          SINE/Alu               (7)  305      1    218
 1768  15.0  0.7  2.0  chr1      1248660 1248951 (246000768) C  AluJo          SINE/Alu              (22)  290      3    241
 1607  16.2  1.3  4.4  chr1      1290906 1291086 (245958633) +  AluJo          SINE/Alu               126  306    (6)    279
 1649  15.0  5.7  0.4  chr1      1293710 1293990 (245955729) +  AluJo          SINE/Alu                 1  296   (16)    290
 1613  16.9  3.5  0.0  chr1      1294718 1295001 (245954718) C  AluJo          SINE/Alu              (15)  297      4    293
  312   6.1  4.1  0.0  chr1      1304675 1304723 (245944996) +  AluJo          SINE/Alu                85  135  (167)    306
 1328  16.4  9.8  0.0  chr1      1304724 1304853 (245944866) +  AluJo          SINE/Alu                 1  132  (180)    307
 1328  16.4  9.8  0.0  chr1      1305172 1305284 (245944435) +  AluJo          SINE/Alu               133  267   (45)    307
 1423  18.7  1.4  5.1  chr1      1314794 1314920 (245934799) +  AluJo          SINE/Alu                21  133  (179)    329
 1423  18.7  1.4  5.1  chr1      1315212 1315376 (245934343) +  AluJo          SINE/Alu               134  302   (10)    329
 1500  19.8  1.7  1.4  chr1      1322823 1323119 (245926600) +  AluJo          SINE/Alu                 1  298   (14)    341
 1325  18.0  8.0  7.3  chr1      1370586 1370885 (245878834) C  AluJo          SINE/Alu               (0)  302      1    406
