 2008  14.3  0.0  0.3  chr1       674948  675255 (246574464) +  AluSq          SINE/Alu                 1  307    (6)    253
 1936  14.3  0.0  0.3  chr1       678378  678671 (246571048) C  AluSq          SINE/Alu              (20)  293      1    264
 1814   7.1  0.0  0.0  chr1       685064  685287 (246564432) +  AluSq          SINE/Alu                 3  226   (87)    283
 1759  15.0  0.0  0.4  chr1       689551  689831 (246559888) +  AluSq          SINE/Alu                 1  280   (33)    286
 1710  12.4  0.6 10.2  chr1       690062  690394 (246559325) +  AluSq          SINE/Alu                 1  301   (12)    288
 1899  11.0  1.4  0.3  chr1       696597  696898 (246552821) C  AluSq          SINE/Alu               (0)  305      1    298
 1907  12.7  0.0  1.7  chr1       701559  701876 (246547843) +  AluSq          SINE/Alu                 1  313    (0)    306
 2009   9.6  0.3  6.6  chr1       720853  721175 (246528544) C  AluSq          SINE/Alu               (0)  304      1    344
 2046   7.0  4.5  0.7  chr1       827745  828031 (246421688) +  AluSq          SINE/Alu                 1  298   (15)    462
 2187   7.5  1.4  1.4  chr1       912527  912823 (246336896) C  AluSq          SINE/Alu              (11)  302      6    546
 1806   9.2  0.4  0.0  chr1       915542  915779 (246333940) C  AluSq          SINE/Alu              (18)  295     57    551
 1886  11.2  6.2  0.0  chr1       915962  916237 (246333482) +  AluSq          SINE/Alu                 1  293   (20)    552
 2352   9.7  0.3  0.0  chr1       932551  932860 (246316859) +  AluSq          SINE/Alu                 2  312    (1)    579
 2283  10.0  0.3  0.0  chr1       933756  934066 (246315653) C  AluSq          SINE/Alu               (0)  313      2    582
 1904   6.7  0.4  0.0  chr1       944120  944359 (246305360) C  AluSq          SINE/Alu              (72)  241      1    600
 2258   8.3  0.3  0.0  chr1       986216  986516 (246263203) C  AluSq          SINE/Alu              (11)  302      1    637
 1788  14.7  2.7  0.0  chr1      1023863 1024154 (246225565) C  AluSq          SINE/Alu              (13)  300      1     11
 2230  10.9  0.3  0.0  chr1      1027033 1027343 (246222376) +  AluSq          SINE/Alu                 1  312    (1)     16
 1952  10.1  0.3  6.6  chr1      1028069 1028385 (246221334) C  AluSq          SINE/Alu              (16)  297      1     18
 1983   9.9  0.0  0.0  chr1      1051546 1051807 (246197912) C  AluSq          SINE/Alu               (5)  308     47     53
 2126   9.3  3.3  1.3  chr1      1116059 1116362 (246133357) C  AluSq          SINE/Alu               (3)  310      1    111
 2342   7.1  0.0  0.3  chr1      1118713 1119007 (246130712) C  AluSq          SINE/Alu              (19)  294      1    115
 2255   8.1  0.0  0.0  chr1      1192124 1192431 (246057288) C  AluSq          SINE/Alu               (0)  308      1    188
 2210   9.9  0.0  1.3  chr1      1194701 1195006 (246054713) C  AluSq          SINE/Alu              (11)  302      1    190
  977  16.5  2.9  1.7  chr1      1196921 1196935 (246052784) +  AluSq          SINE/Alu               121  133  (180)    192
  977  16.5  2.9  1.7  chr1      1197248 1197404 (246052315) +  AluSq          SINE/Alu               134  295   (18)    192
 2204  11.2  0.0  0.0  chr1      1203732 1204035 (246045684) C  AluSq          SINE/Alu               (9)  304      1    201
 1984  12.5  2.4  0.0  chr1      1241550 1241836 (246007883) +  AluSq          SINE/Alu                 1  294   (19)    230
 2185   8.8  0.6  2.2  chr1      1242351 1242663 (246007056) +  AluSq          SINE/Alu                 1  308    (5)    233
 1854  12.9  1.0  1.4  chr1      1282770 1283059 (245966660) +  AluSq          SINE/Alu                 3  291   (22)    268
 1932  11.8  1.0  2.0  chr1      1288675 1288844 (245960875) C  AluSq          SINE/Alu              (10)  303    136    275
 1932  11.8  1.0  2.0  chr1      1289441 1289571 (245960148) C  AluSq          SINE/Alu             (178)  135      4    275
 2062  10.4  0.3  1.0  chr1      1321815 1321989 (245927730) C  AluSq          SINE/Alu               (4)  309    136    337
 2062  10.4  0.3  1.0  chr1      1322290 1322404 (245927315) C  AluSq          SINE/Alu             (178)  135     21    337
 2204  10.1  0.0  0.3  chr1      1336177 1336474 (245913245) +  AluSq          SINE/Alu                 1  297   (16)    367
 2238  11.6  0.0  0.6  chr1      1349683 1349994 (245899725) +  AluSq          SINE/Alu                 1  310    (3)    380
 1244  13.4  0.0  0.0  chr1      1354263 1354441 (245895278) +  AluSq          SINE/Alu               134  312    (1)    391
 2130  10.5  0.3  0.3  chr1      1371404 1371700 (245878019) +  AluSq          SINE/Alu                 3  299   (14)    409
