 2021   9.0  1.1  0.4  chr1       692822  693124 (246556595) C  AluSp          SINE/Alu               (0)  307      3    292
 2153  11.5  0.3  0.0  chr1       700170  700473 (246549246) +  AluSp          SINE/Alu                 1  305    (8)    303
 2080  11.3  1.0  0.0  chr1       701244  701536 (246548183) C  AluSp          SINE/Alu              (17)  296      1    305
 2012  12.9  0.4  0.4  chr1       713328  713606 (246536113) +  AluSp          SINE/Alu                 1  279   (34)    337
 1896  10.9  6.4  0.3  chr1       808192  808486 (246441233) C  AluSp          SINE/Alu               (0)  313      1    433
 2123  10.0  0.0  0.7  chr1       817046  817337 (246432382) C  AluSp          SINE/Alu              (21)  292      3    445
 2277  10.3  0.3  0.0  chr1       820105  820416 (246429303) C  AluSp          SINE/Alu               (0)  313      1    452
 2294   9.4  0.3  1.0  chr1       839909  840220 (246409499) +  AluSp          SINE/Alu                 3  312    (1)    481
 1634  12.6  0.8  1.1  chr1       908699  908962 (246340757) C  AluSp          SINE/Alu               (7)  306     44    537
 2115  10.8  0.7  1.0  chr1       916742  916757 (246332962) C  AluSp          SINE/Alu               (0)  313    285    554
 2114  10.8  0.7  1.0  chr1       916787  917068 (246332651) C  AluSp          SINE/Alu              (29)  284      1    554
 2249  10.6  0.0  0.0  chr1       927884  928184 (246321535) C  AluSp          SINE/Alu              (12)  301      1    575
 1186  21.0 11.6  2.9  chr1       936302  936576 (246313143) C  AluSp          SINE/Alu               (2)  301      3    589
 2344   6.3  1.3  0.0  chr1       973732  974032 (246275687) +  AluSp          SINE/Alu                 1  305    (8)    621
 2220  10.4  0.3  0.0  chr1      1079750 1080047 (246169672) +  AluSp          SINE/Alu                 1  299   (14)     79
 2254   9.1  0.0  0.3  chr1      1103521 1103819 (246145900) +  AluSp          SINE/Alu                 1  298   (15)     98
 2190   8.3  0.4  0.0  chr1      1187124 1187399 (246062320) C  AluSp          SINE/Alu              (36)  277      1    179
 2341   9.9  0.3  0.0  chr1      1196936 1197247 (246052472) +  AluSp          SINE/Alu                 1  313    (0)    193
 2157  11.9  0.3  0.0  chr1      1208660 1208962 (246040757) +  AluSp          SINE/Alu                 1  304    (9)    208
 2130  10.3  1.7  0.0  chr1      1226008 1226309 (246023410) C  AluSp          SINE/Alu               (6)  307      1    216
 2141  10.5  1.6  0.3  chr1      1290292 1290595 (245959124) +  AluSp          SINE/Alu                 1  309    (4)    281
 2158  11.3  0.7  0.0  chr1      1290596 1290905 (245958814) +  AluSp          SINE/Alu                 1  312    (1)    282
 2060  12.3  0.3  0.0  chr1      1314037 1314329 (245935390) +  AluSp          SINE/Alu                 1  294   (19)    327
  917   9.9  1.5  0.8  chr1      1327946 1328077 (245921642) +  AluSp          SINE/Alu                 1  133  (180)    345
