 2036  11.6  0.7  0.0  chr1       682732  683025 (246566694) +  AluSg          SINE/Alu                 1  296   (14)    274
 1887  12.9  0.4  0.0  chr1       691743  692021 (246557698) +  AluSg          SINE/Alu                 1  280   (30)    290
 1246  17.1 12.1  0.0  chr1       695548  695811 (246553908) C  AluSg          SINE/Alu              (13)  297      2    297
 2142   8.3  0.3  2.0  chr1       704579  704873 (246544846) +  AluSg          SINE/Alu                 1  290   (20)    315
 2326  10.7  0.0  0.0  chr1       913549  913857 (246335862) +  AluSg          SINE/Alu                 1  309    (1)    548
 2092  11.8  0.0  1.3  chr1       941304  941603 (246308116) C  AluSg          SINE/Alu              (14)  296      1    594
 1839  12.3  4.8  0.7  chr1       941921  942214 (246307505) C  AluSg          SINE/Alu               (0)  310      5    597
 1864  12.5  5.9  0.0  chr1       985330  985618 (246264101) C  AluSg          SINE/Alu               (4)  306      1    636
 1902  12.5  1.0  1.0  chr1      1023320 1023611 (246226108) C  AluSg          SINE/Alu              (18)  292      1     10
 2222   9.7  0.0  0.3  chr1      1029230 1029529 (246220190) C  AluSg          SINE/Alu              (11)  299      1     20
 2240   8.3  0.0  2.3  chr1      1039157 1039464 (246210255) C  AluSg          SINE/Alu               (9)  301      1     39
 2205   9.8  0.3  0.3  chr1      1052190 1052497 (246197222) C  AluSg          SINE/Alu               (2)  308      1     54
 2298   8.1  0.3  0.0  chr1      1100082 1100377 (246149342) +  AluSg          SINE/Alu                 3  299   (11)     94
 2164   9.1  2.8  0.0  chr1      1176989 1177275 (246072444) +  AluSg          SINE/Alu                 1  295   (15)    167
 2360   8.8  0.0  0.0  chr1      1289146 1289440 (245960279) C  AluSg          SINE/Alu              (13)  297      2    277
 2164  11.1  0.3  0.0  chr1      1295518 1295814 (245953905) +  AluSg          SINE/Alu                 1  298   (12)    295
 1887  12.1  4.6  0.0  chr1      1330237 1330517 (245919202) C  AluSg          SINE/Alu              (16)  294      1    351
  340  21.0  0.0  0.0  chr1      1332961 1333041 (245916678) C  AluSg          SINE/Alu              (10)  290    210    358
  726  15.0 18.2  0.7  chr1      1333043 1333196 (245916523) C  AluSg          SINE/Alu             (124)  186      6    358
 1943  11.3  2.7  0.7  chr1      1370962 1371255 (245878464) +  AluSg          SINE/Alu                 1  300   (10)    407
