 1738  13.8  2.2  0.4  chr1       672711  672980 (246576739) +  AluSx          SINE/Alu                 1  275   (37)    247
 1675  15.5  1.0  1.0  chr1       690706  690999 (246558720) +  AluSx          SINE/Alu                 3  296   (16)    289
 1264  17.4  2.6  3.0  chr1       694175  694477 (246555242) +  AluSx          SINE/Alu                 1  302   (10)    294
 2038  13.1  0.0  0.3  chr1       695065  695370 (246554349) +  AluSx          SINE/Alu                 1  305    (7)    296
 1246  14.7 29.7  1.7  chr1       700034  700169 (246549550) +  AluSx          SINE/Alu                 1  136  (166)    302
 1246  14.7 29.7  1.7  chr1       700474  700572 (246549147) +  AluSx          SINE/Alu               137  302    (0)    302
 2222   9.9  0.0  0.3  chr1       700803  701115 (246548604) +  AluSx          SINE/Alu                 1  312    (0)    304
 1869  11.0  1.1  0.0  chr1       702843  703115 (246546604) C  AluSx          SINE/Alu              (35)  277      2    309
 2161  12.1  0.7  0.0  chr1       723977  724282 (246525437) +  AluSx          SINE/Alu                 1  308    (4)    348
 2140  11.6  0.0  1.4  chr1       728393  728689 (246521030) +  AluSx          SINE/Alu                 1  293   (19)    354
 1816  11.0  6.2  1.4  chr1       754230  754505 (246495214) C  AluSx          SINE/Alu              (21)  291      3    377
 1892  13.2  2.9  0.0  chr1       757980  758297 (246491422) C  AluSx          SINE/Alu               (0)  326      1    381
 2214   9.6  0.0  0.3  chr1       778214  778506 (246471213) C  AluSx          SINE/Alu              (20)  292      1    406
 2229  12.4  0.0  0.0  chr1       818738  819044 (246430675) +  AluSx          SINE/Alu                 1  307    (5)    449
 2168   9.9  0.0  0.0  chr1       819091  819373 (246430346) +  AluSx          SINE/Alu                 7  289   (23)    451
 2128  13.0  0.0  0.7  chr1       832496  832805 (246416914) +  AluSx          SINE/Alu                 1  308    (4)    471
 2114  10.1  0.3  0.0  chr1       872020  872305 (246377414) +  AluSx          SINE/Alu                 2  288   (24)    506
 2198  10.8  1.0  0.0  chr1       883487  883792 (246365927) C  AluSx          SINE/Alu               (3)  309      1    514
 2038  12.3  0.7  0.7  chr1       897727  898020 (246351699) +  AluSx          SINE/Alu                 1  294   (18)    528
 1971   9.5  1.1  1.4  chr1       910137  910415 (246339304) C  AluSx          SINE/Alu              (27)  285      8    541
 2013  14.2  0.3  0.0  chr1       912019  912314 (246337405) C  AluSx          SINE/Alu               (8)  304      8    544
 2183  12.5  0.0  0.0  chr1       912898  913202 (246336517) C  AluSx          SINE/Alu               (7)  305      1    547
 2279   9.3  0.0  0.6  chr1       915229  915540 (246334179) C  AluSx          SINE/Alu               (2)  310      1    550
 2070  11.3  0.3  4.4  chr1       917374  917393 (246332326) C  AluSx          SINE/Alu               (0)  312    286    555
 2069  11.3  0.3  4.4  chr1       917418  917712 (246332007) C  AluSx          SINE/Alu              (27)  285      1    555
 2125  11.6  0.7  0.0  chr1       919285  919577 (246330142) +  AluSx          SINE/Alu                 1  295   (17)    559
 1952   9.4  0.4  0.0  chr1       919645  919910 (246329809) C  AluSx          SINE/Alu              (45)  267      1    560
 2142   9.8  1.4  0.7  chr1       920311  920607 (246329112) +  AluSx          SINE/Alu                 1  299   (13)    564
 2092  10.7  0.3  0.3  chr1       935308  935597 (246314122) C  AluSx          SINE/Alu              (19)  293      4    586
 2342   8.1  0.6  1.0  chr1       935976  936288 (246313431) C  AluSx          SINE/Alu               (0)  312      1    588
 2122  10.8  0.6  1.6  chr1       937308  937618 (246312101) C  AluSx          SINE/Alu               (4)  308      1    591
 1804  12.0  0.0  0.4  chr1       941795  941920 (246307799) C  AluSx          SINE/Alu              (53)  259    134    596
 1804  12.0  0.0  0.4  chr1       942215  942347 (246307372) C  AluSx          SINE/Alu             (179)  133      1    596
 2128  12.2  0.3  0.6  chr1       982716  983028 (246266691) +  AluSx          SINE/Alu                 1  312    (0)    632
 2131  11.0  1.0  0.0  chr1       983052  983351 (246266368) +  AluSx          SINE/Alu                 1  303    (9)    633
 1914  13.3  2.0  0.0  chr1       996514  996806 (246252913) C  AluSx          SINE/Alu              (11)  301      3    646
 2173   9.7  0.7  0.0  chr1      1022360 1022647 (246227072) C  AluSx          SINE/Alu              (22)  290      1      8
 1850  15.7  1.1  0.0  chr1      1026445 1026731 (246222988) +  AluSx          SINE/Alu                 1  290   (22)     15
 1751  13.4  1.9  6.8  chr1      1027741 1028061 (246221658) +  AluSx          SINE/Alu                 1  305    (7)     17
 1933  10.3  3.9  2.6  chr1      1044994 1045301 (246204418) +  AluSx          SINE/Alu                 1  312    (0)     48
 2285   7.8  0.3  0.0  chr1      1045866 1046160 (246203559) +  AluSx          SINE/Alu                 2  297   (15)     50
 1962  10.9  0.0  0.7  chr1      1055183 1055459 (246194260) +  AluSx          SINE/Alu                38  312    (0)     55
 2468   8.7  0.0  0.0  chr1      1063531 1063841 (246185878) +  AluSx          SINE/Alu                 1  311    (1)     66
 2264  10.5  0.3  0.0  chr1      1067461 1067764 (246181955) C  AluSx          SINE/Alu               (7)  305      1     68
 2188  10.5  0.7  0.0  chr1      1080124 1080419 (246169300) C  AluSx          SINE/Alu              (12)  300      3     80
 2087  12.3  0.0  0.3  chr1      1084287 1084580 (246165139) +  AluSx          SINE/Alu                 1  293   (19)     84
 2361   9.8  0.0  0.0  chr1      1111326 1111631 (246138088) C  AluSx          SINE/Alu               (6)  306      1    103
 2150  12.6  0.0  0.0  chr1      1112592 1112892 (246136827) +  AluSx          SINE/Alu                 2  302   (10)    106
 1923  12.1  0.0  0.0  chr1      1112899 1113162 (246136557) +  AluSx          SINE/Alu                34  297   (15)    107
 2250  10.0  0.3  0.0  chr1      1113649 1113947 (246135772) C  AluSx          SINE/Alu              (12)  300      1    108
 1933  15.0  1.3  1.0  chr1      1120226 1120534 (246129185) C  AluSx          SINE/Alu               (2)  310      1    117
 2095   9.1  0.0  2.0  chr1      1133078 1133369 (246116350) +  AluSx          SINE/Alu                10  295   (17)    127
 1997  12.5  1.6  0.0  chr1      1135068 1135371 (246114348) +  AluSx          SINE/Alu                 1  309    (3)    130
 2085  10.8  1.0  0.0  chr1      1139810 1140105 (246109614) +  AluSx          SINE/Alu                 1  299   (13)    133
 2141  11.4  0.3  0.0  chr1      1149525 1149821 (246099898) C  AluSx          SINE/Alu              (14)  298      1    141
 2050  11.5  1.0  0.0  chr1      1155706 1156000 (246093719) C  AluSx          SINE/Alu              (14)  298      1    152
 2255   9.8  0.3  0.0  chr1      1176600 1176895 (246072824) C  AluSx          SINE/Alu              (15)  297      1    166
 1983  11.6  0.0  0.0  chr1      1189869 1190135 (246059584) +  AluSx          SINE/Alu                 1  267   (45)    182
 1486   9.6 28.7  0.0  chr1      1191553 1191782 (246057937) +  AluSx          SINE/Alu                 1  296    (6)    186
 2097  11.7  0.3  0.0  chr1      1201728 1202017 (246047702) C  AluSx          SINE/Alu              (18)  294      4    197
 2108  11.9  0.0  0.3  chr1      1202370 1202664 (246047055) C  AluSx          SINE/Alu              (18)  294      1    198
 2021  13.9  0.0  0.0  chr1      1203370 1203664 (246046055) +  AluSx          SINE/Alu                 1  295   (17)    200
 1678  14.5  0.0  0.0  chr1      1241297 1241544 (246008175) +  AluSx          SINE/Alu                55  302   (10)    229
 2334   8.3  0.3  0.0  chr1      1241887 1242188 (246007531) +  AluSx          SINE/Alu                 2  304    (8)    231
 2300   9.6  0.0  0.3  chr1      1287741 1288043 (245961676) +  AluSx          SINE/Alu                 1  302   (10)    271
 1988  12.8  0.0  0.3  chr1      1290010 1290291 (245959428) +  AluSx          SINE/Alu                14  294   (18)    280
 2250   9.4  0.3  0.0  chr1      1293998 1294295 (245955424) +  AluSx          SINE/Alu                 1  299   (13)    291
 2090  11.7  0.0  0.0  chr1      1297958 1298248 (245951471) +  AluSx          SINE/Alu                 1  291   (21)    297
 2260   9.1  1.3  0.0  chr1      1300944 1301251 (245948468) +  AluSx          SINE/Alu                 1  312    (0)    298
 1881  13.4  0.0  5.2  chr1      1302591 1302896 (245946823) +  AluSx          SINE/Alu                 1  290   (22)    300
 1715  12.8  2.6  5.1  chr1      1303415 1303726 (245945993) C  AluSx          SINE/Alu               (7)  305      2    303
 1591  12.0  4.3  0.0  chr1      1304366 1304599 (245945120) +  AluSx          SINE/Alu                 1  244   (68)    305
 2029   9.4  4.3  0.0  chr1      1305306 1305582 (245944137) +  AluSx          SINE/Alu                 1  289   (23)    309
 1914  11.2  2.2  0.0  chr1      1308307 1308575 (245941144) +  AluSx          SINE/Alu                 1  275   (37)    312
 2141   9.9  0.5  0.0  chr1      1319088 1319383 (245930336) +  AluSx          SINE/Alu                 1  298   (14)    331
 2270  11.7  0.0  0.0  chr1      1319711 1320019 (245929700) +  AluSx          SINE/Alu                 1  309    (3)    332
 2091  10.0  0.6  3.8  chr1      1321140 1321452 (245928267) +  AluSx          SINE/Alu                 1  303    (9)    334
 2171  10.9  0.3  0.0  chr1      1321514 1321807 (245927912) C  AluSx          SINE/Alu              (16)  296      2    336
 1540  17.2  2.0  3.0  chr1      1329089 1329387 (245920332) C  AluSx          SINE/Alu              (16)  296      1    348
 1881  14.0  2.0  0.0  chr1      1331317 1331609 (245918110) +  AluSx          SINE/Alu                 1  299   (13)    355
 1728  13.0  0.0  0.0  chr1      1334006 1334259 (245915460) C  AluSx          SINE/Alu               (0)  312     59    361
 1737  13.1  7.5  0.0  chr1      1334410 1334691 (245915028) +  AluSx          SINE/Alu                 1  303    (9)    363
 1859  14.3  2.0  0.3  chr1      1348722 1349015 (245900704) C  AluSx          SINE/Alu              (13)  299      1    377
 2008  12.1  0.3  2.2  chr1      1349019 1349330 (245900389) C  AluSx          SINE/Alu               (6)  306      1    378
 1941  11.3  2.5  0.0  chr1      1368640 1368914 (245880805) C  AluSx          SINE/Alu              (30)  282      1    402
 1532  17.9  2.6  2.3  chr1      1371265 1371403 (245878316) +  AluSx          SINE/Alu                 1  133  (179)    408
 1532  17.9  2.6  2.3  chr1      1371701 1371868 (245877851) +  AluSx          SINE/Alu               134  309    (3)    408
 2120  11.6  0.3  0.3  chr1      1372646 1372949 (245876770) C  AluSx          SINE/Alu               (8)  304      1    414
