 2037  12.0  0.0  4.6  chr1       815244  815567 (246434152) C  AluY           SINE/Alu               (2)  309      1    441
 1756   5.9  0.5  0.0  chr1       820533  820751 (246428968) C  AluY           SINE/Alu              (91)  220      1    453
 2543   4.0  0.0  0.7  chr1       824265  824570 (246425149) C  AluY           SINE/Alu               (7)  304      1    456
 2418   6.3  0.3  0.0  chr1       853355  853655 (246396064) +  AluY           SINE/Alu                 1  302    (9)    493
 2478   4.3  0.0  0.3  chr1       911333  911632 (246338087) C  AluY           SINE/Alu              (12)  299      1    543
 2397   6.3  0.7  0.0  chr1       934643  934944 (246314775) +  AluY           SINE/Alu                 1  304    (7)    584
 2464   4.0  0.0  1.0  chr1       941000  941300 (246308419) C  AluY           SINE/Alu              (10)  301      4    593
 2235   9.6  1.3  0.0  chr1      1019641 1019942 (246229777) C  AluY           SINE/Alu               (5)  306      1      5
 2077   9.2  2.7  0.7  chr1      1030849 1031142 (246218577) +  AluY           SINE/Alu                 7  306    (5)     24
 2105   9.9  0.3  0.7  chr1      1038161 1038454 (246211265) +  AluY           SINE/Alu                 5  297   (14)     36
 2336   5.9  0.3  0.0  chr1      1056671 1056958 (246192761) C  AluY           SINE/Alu              (22)  289      1     57
 2589   3.9  0.0  0.0  chr1      1059046 1059352 (246190367) +  AluY           SINE/Alu                 1  307    (4)     59
 2297   8.8  0.0  0.0  chr1      1102559 1102853 (246146866) C  AluY           SINE/Alu              (16)  295      1     97
 2581   4.5  0.0  0.3  chr1      1112077 1112388 (246137331) C  AluY           SINE/Alu               (0)  311      1    104
 2440   5.7  0.0  0.0  chr1      1115076 1115373 (246134346) +  AluY           SINE/Alu                 3  300   (11)    109
 2297   8.3  0.3  0.0  chr1      1118288 1118588 (246131131) +  AluY           SINE/Alu                 1  302    (9)    114
 2451   3.6  0.6  1.9  chr1      1181844 1182154 (246067565) +  AluY           SINE/Alu                 1  307    (4)    171
 2192  10.3  0.0  0.6  chr1      1183272 1183583 (246066136) C  AluY           SINE/Alu               (1)  310      1    172
 1601   9.1  2.1  1.3  chr1      1186889 1187123 (246062596) C  AluY           SINE/Alu               (7)  304     68    178
 2208   8.2  0.7  2.0  chr1      1191783 1192082 (246057637) +  AluY           SINE/Alu                 1  296   (15)    187
 2361   5.8  0.0  0.3  chr1      1202792 1203086 (246046633) +  AluY           SINE/Alu                 1  294   (17)    199
 2515   5.0  0.0  0.0  chr1      1204644 1204943 (246044776) C  AluY           SINE/Alu              (10)  301      2    202
 2426   5.7  0.7  0.0  chr1      1205426 1205725 (246043994) +  AluY           SINE/Alu                 1  302    (9)    204
 2448   5.7  0.0  0.0  chr1      1207996 1208292 (246041427) C  AluY           SINE/Alu              (12)  299      3    207
 2238   4.1  0.3  4.3  chr1      1243108 1243412 (246006307) C  AluY           SINE/Alu              (18)  293      1    235
 2322   7.7  0.0  1.0  chr1      1288845 1289145 (245960574) C  AluY           SINE/Alu              (13)  298      1    276
 2274   9.0  0.0  0.0  chr1      1292960 1293260 (245956459) C  AluY           SINE/Alu              (10)  301      1    288
 2159   8.9  1.0  0.7  chr1      1294403 1294697 (245955022) C  AluY           SINE/Alu              (15)  296      1    292
 2352   6.1  0.3  0.0  chr1      1295047 1295339 (245954380) C  AluY           SINE/Alu              (17)  294      1    294
 2554   3.9  0.0  2.2  chr1      1304854 1305171 (245944548) +  AluY           SINE/Alu                 1  311    (0)    308
 1473  10.6 25.3  0.4  chr1      1308894 1309130 (245940589) +  AluY           SINE/Alu                 1  296    (5)    314
 2270   7.6  1.0  0.0  chr1      1314334 1314622 (245935097) +  AluY           SINE/Alu                 1  292   (19)    328
 2207   8.9  0.7  0.0  chr1      1314921 1315211 (245934508) +  AluY           SINE/Alu                 1  293   (18)    330
 2470   4.3  0.7  0.3  chr1      1321990 1322289 (245927430) C  AluY           SINE/Alu              (10)  301      1    338
 2108  12.3  0.3  0.3  chr1      1328090 1328398 (245921321) +  AluY           SINE/Alu                 1  309    (2)    346
 2287   9.3  0.3  0.0  chr1      1328485 1328784 (245920935) C  AluY           SINE/Alu              (10)  301      1    347
 2395   6.9  0.0  0.3  chr1      1329391 1329696 (245920023) C  AluY           SINE/Alu               (6)  305      1    349
 1911  12.2  0.4  0.0  chr1      1329737 1330014 (245919705) C  AluY           SINE/Alu               (5)  306     28    350
 2284  10.4  0.0  0.0  chr1      1336475 1336781 (245912938) +  AluY           SINE/Alu                 1  307    (4)    368
 2640   2.7  0.0  0.0  chr1      1342014 1342314 (245907405) +  AluY           SINE/Alu                 1  301   (10)    371
 2298   7.3  0.3  0.3  chr1      1353962 1354262 (245895457) +  AluY           SINE/Alu                 1  301   (10)    390
 2300   4.6  0.0  0.3  chr1      1368177 1368485 (245881234) C  AluY           SINE/Alu               (0)  308      1    401
 2381   6.5  2.0  0.0  chr1      1372352 1372645 (245877074) C  AluY           SINE/Alu              (11)  300      1    413
 2557   5.0  0.0  0.0  chr1      1373081 1373381 (245876338) +  AluY           SINE/Alu                 1  301   (10)    416
