  376  29.4  1.1  1.7  chr1       801405  801584 (246448135) +  C-rich         Low_complexity           2  180    (0)    427
  219  23.2  0.0  5.5  chr1       858254  858326 (246391393) +  C-rich         Low_complexity           1   69    (0)    495
  211  24.0  3.3  7.1  chr1       901942  902125 (246347594) +  C-rich         Low_complexity           2  178    (0)    532
  225  26.0  0.0  5.3  chr1       902289  902475 (246347244) +  C-rich         Low_complexity           1  177    (0)    533
  211  26.6  0.0  5.3  chr1       902541  902727 (246346992) +  C-rich         Low_complexity           1  177    (0)    534
  220  32.4  0.0  5.4  chr1       958699  958884 (246290835) +  C-rich         Low_complexity           3  178    (0)    615
  194  10.5  2.6  0.0  chr1       981205  981242 (246268477) +  C-rich         Low_complexity           3   41    (0)    627
  337  20.2  0.0 18.8  chr1      1040695 1041038 (246208681) +  C-rich         Low_complexity           1  279    (0)     42
  599  19.3  1.1  1.7  chr1      1066351 1066529 (246183190) +  C-rich         Low_complexity           2  179    (0)     67
  503  21.6  2.2  0.0  chr1      1066550 1066783 (246182936) +  C-rich         Low_complexity           1  239    (0)     67
  427  27.2  0.7  0.7  chr1      1082596 1082732 (246166987) +  C-rich         Low_complexity           4  140    (0)     83
  488  21.1  0.6  2.4  chr1      1106112 1106281 (246143438) +  C-rich         Low_complexity           3  169    (0)     99
  208  25.0  0.0  7.1  chr1      1122562 1122673 (246127046) +  C-rich         Low_complexity           1  104    (0)    122
  258  31.6  0.0  0.0  chr1      1137751 1137864 (246111855) +  C-rich         Low_complexity           1  114    (0)    131
  332  26.0  0.5  7.3  chr1      1165795 1165985 (246083734) +  C-rich         Low_complexity           3  180    (0)    161
  237  22.3  2.3  2.3  chr1      1170386 1170518 (246079201) +  C-rich         Low_complexity           1  133    (0)    163
  313  23.6  1.8  4.7  chr1      1274374 1274542 (245975177) +  C-rich         Low_complexity           3  166    (0)    254
  320  30.3  0.0  3.9  chr1      1352251 1352488 (245897231) +  C-rich         Low_complexity           1  228    (0)    383
  253  19.4  0.6  6.6  chr1      1352560 1352725 (245896994) +  C-rich         Low_complexity           3  158    (0)    384
