  697  21.8  0.0  0.0  chr1       676029  676161 (246573558) C  FLAM_C         SINE/Alu               (0)  133      1    257
  532  16.5  6.5  6.5  chr1       683188  683310 (246566409) C  FLAM_C         SINE/Alu               (7)  126      4    276
  719  19.2  0.8  0.8  chr1       711620  711750 (246537969) C  FLAM_C         SINE/Alu               (2)  131      1    332
  906  13.4  0.0  0.0  chr1       726832  726958 (246522761) C  FLAM_C         SINE/Alu              (16)  127      1    352
  888  12.1  5.3  0.0  chr1       762273  762404 (246487315) C  FLAM_C         SINE/Alu               (4)  139      1    390
  803  12.4  0.0  0.8  chr1       927426  927555 (246322164) C  FLAM_C         SINE/Alu               (4)  139     11    572
  833  15.9  0.0  0.0  chr1       944371  944502 (246305217) C  FLAM_C         SINE/Alu               (1)  132      1    601
  597  20.0  0.0  0.0  chr1      1146216 1146325 (246103394) +  FLAM_C         SINE/Alu                 1  110   (33)    136
  927  12.8  0.0  2.8  chr1      1309799 1309943 (245939776) C  FLAM_C         SINE/Alu               (2)  141      1    317
  669  19.9  1.6  0.8  chr1      1369246 1369372 (245880347) C  FLAM_C         SINE/Alu               (5)  128      1    405
  894   7.9  0.0  0.8  chr1      1371961 1372088 (245877631) C  FLAM_C         SINE/Alu              (16)  127      1    410
