  220  25.0  0.0  4.5  chr1       752806  752872 (246496847) +  G-rich         Low_complexity           2   65    (0)    373
  432  20.7  1.1  3.3  chr1       833776  833955 (246415764) +  G-rich         Low_complexity           3  178    (0)    473
  255  19.7  0.0  5.7  chr1       833971  834094 (246415625) +  G-rich         Low_complexity           4  120    (0)    473
  215  16.4  0.0  9.9  chr1       923946  924026 (246325693) +  G-rich         Low_complexity           6   78    (0)    568
  374  14.1  1.0  3.9  chr1       945185  945287 (246304432) +  G-rich         Low_complexity           2  101    (0)    606
  214  21.6  3.9  0.0  chr1      1061670 1061720 (246187999) +  G-rich         Low_complexity           2   54    (0)     61
  376  35.1  0.0  0.0  chr1      1247839 1248003 (246001716) +  G-rich         Low_complexity           1  165    (0)    240
  383  29.3  4.3  0.0  chr1      1275244 1275407 (245974312) +  G-rich         Low_complexity           3  173    (0)    258
  384  30.0  4.1  0.0  chr1      1275444 1275613 (245974106) +  G-rich         Low_complexity           3  179    (0)    258
  383  29.8  4.2  0.0  chr1      1275724 1276207 (245973512) +  G-rich         Low_complexity           1  504    (0)    260
  372  29.3  4.3  0.0  chr1      1276324 1276487 (245973232) +  G-rich         Low_complexity           3  173    (0)    262
  375  30.2  4.1  0.0  chr1      1276525 1276693 (245973026) +  G-rich         Low_complexity           4  179    (0)    262
  245  15.7  3.1  7.3  chr1      1280379 1280474 (245969245) +  G-rich         Low_complexity           5   96    (0)    263
  339  15.4  0.0  0.0  chr1      1353393 1353457 (245896262) +  G-rich         Low_complexity           4   68    (0)    389
