 5360  21.6 15.1 13.7  chr1       762755  765459 (246484260) +  L1M4b          LINE/L1                 12 2752 (4582)    392
10567  17.3  8.1  5.7  chr1      1112389 1112591 (246137128) C  L1M4b          LINE/L1              (863) 6143   5946    105
10567  17.3  8.1  5.7  chr1      1113163 1113648 (246136071) C  L1M4b          LINE/L1             (1061) 5945   5472    105
10567  17.3  8.1  5.7  chr1      1113948 1115075 (246134644) C  L1M4b          LINE/L1             (1535) 5471   4251    105
10567  17.3  8.1  5.7  chr1      1115374 1115660 (246134059) C  L1M4b          LINE/L1             (2756) 4250   3952    105
10567  17.3  8.1  5.7  chr1      1115899 1116058 (246133661) C  L1M4b          LINE/L1             (3055) 3951   3788    105
10567  17.3  8.1  5.7  chr1      1116363 1116557 (246133162) C  L1M4b          LINE/L1             (3219) 3787   3616    105
10567  17.3  8.1  5.7  chr1      1116684 1116837 (246132882) C  L1M4b          LINE/L1             (3391) 3615   3510    105
10567  17.3  8.1  5.7  chr1      1117352 1117626 (246132093) C  L1M4b          LINE/L1             (3497) 3509   3184    105
 1023  17.6  6.8  6.0  chr1      1118085 1118287 (246131432) C  L1M4b          LINE/L1             (3800) 3206   3001    105
 1023  30.1  9.7  8.1  chr1      1118589 1118712 (246131007) C  L1M4b          LINE/L1             (4102) 3000   2883    105
 1023  30.1  9.7  8.1  chr1      1119008 1119122 (246130597) C  L1M4b          LINE/L1             (4220) 2882   2780    105
 2319  22.2 15.5  2.2  chr1      1119411 1120225 (246129494) C  L1M4b          LINE/L1             (4323) 2779   1782    105
 2021  21.6 26.7  1.7  chr1      1120535 1120745 (246128974) C  L1M4b          LINE/L1             (5164) 1938   1558    118
 2319  22.1 11.9  2.1  chr1      1121318 1121340 (246128379) C  L1M4b          LINE/L1             (5413) 1595   1574    118
  404  30.4 13.4  3.8  chr1      1121333 1121541 (246128178) C  L1M4b          LINE/L1             (6148)  756    528    118
