  880  27.6  8.8  1.9  chr5_random   42131   42495  (101192) C  L1MA9          LINE/L1               (29) 7304   6915     71
 2877  16.8  6.8  3.1  chr5_random   42876   43132  (100555) C  L1MA9          LINE/L1              (407) 6926   6635     71
 2877  16.8  6.8  3.1  chr5_random   43513   43545  (100142) C  L1MA9          LINE/L1              (699) 6634   6613     71
 6652  18.4  3.1  1.8  chr5_random   43847   45458   (98229) C  L1MA9          LINE/L1              (721) 6612   4987     71
 4664  21.9  4.1  5.8  chr5_random   52231   52975   (90712) C  L1MA9          LINE/L1             (2184) 4977   4237     71
 4664  21.9  4.1  5.8  chr5_random   53269   53959   (89728) C  L1MA9          LINE/L1             (2925) 4236   3566     71
  876  24.2  8.2  0.0  chr5_random   60888   61168   (82519) C  L1MA9          LINE/L1             (3585) 3576   3273     71
  726  22.0  1.6  1.0  chr5_random   61169   61361   (82326) C  L1MA9          LINE/L1             (4841) 2327   2134     71
 1268  24.1  3.4  0.3  chr5_random   62098   62393   (81294) C  L1MA9          LINE/L1             (5144) 2024   1720     71
12586  19.4  2.9  7.5  chr5_random  136112  137731    (5956) +  L1MA9          LINE/L1               2298 3973 (2167)    151
12586  19.4  2.9  7.5  chr5_random  138084  138564    (5123) +  L1MA9          LINE/L1               3974 4430 (1710)    151
12586  19.4  2.9  7.5  chr5_random  138675  138941    (4746) +  L1MA9          LINE/L1               4431 4505 (1635)    151
12586  18.7  2.5  5.1  chr5_random  138970  140191    (3496) +  L1MA9          LINE/L1               4506 5748  (564)    151
 1020  21.2  8.8  1.5  chr5_random  140874  141136    (2551) +  L1MA9          LINE/L1               5993 6274   (38)    151
