 2448  26.3 10.3  3.8  chr5_random   79713   80656   (63031) +  L1MB1          LINE/L1                  2 1006 (5135)     99
 1620  14.1  4.8  2.1  chr5_random   81335   81711   (61976) +  L1MB1          LINE/L1               3022 3408 (2796)     99
  232  15.6  0.0  0.0  chr5_random   82059   82103   (61584) +  L1MB1          LINE/L1               3408 3452 (2752)     99
  242  13.3  0.0  0.0  chr5_random   82128   82172   (61515) +  L1MB1          LINE/L1               3408 3452 (2752)     99
  253  11.1  0.0  0.0  chr5_random   82197   82241   (61446) +  L1MB1          LINE/L1               3408 3452 (2752)     99
  253  11.1  0.0  0.0  chr5_random   82266   82310   (61377) +  L1MB1          LINE/L1               3408 3452 (2752)     99
  253  11.1  0.0  0.0  chr5_random   82335   82379   (61308) +  L1MB1          LINE/L1               3408 3452 (2752)     99
  253  11.1  0.0  0.0  chr5_random   82404   82448   (61239) +  L1MB1          LINE/L1               3408 3452 (2752)     99
  253  11.1  0.0  0.0  chr5_random   82473   82517   (61170) +  L1MB1          LINE/L1               3408 3452 (2752)     99
 8577  17.7  3.5  3.5  chr5_random   82542   82776   (60911) +  L1MB1          LINE/L1               3408 3632 (2572)     99
 8577  17.7  3.5  3.5  chr5_random   83089   83561   (60126) +  L1MB1          LINE/L1               3633 4070 (2134)     99
 8577  17.7  3.5  3.5  chr5_random   84461   85158   (58529) +  L1MB1          LINE/L1               4071 4811 (1393)     99
 2575  21.3  5.8  2.4  chr5_random   86185   86690   (56997) +  L1MB1          LINE/L1               5617 6158   (31)    106
