  362  31.0  2.2  9.4  chr1       683088  683187 (246566532) +  L1MC4          LINE/L1               5483 5575 (2233)    275
  362  31.0  2.2  9.4  chr1       683311  683433 (246566286) +  L1MC4          LINE/L1               5576 5690 (2118)    275
  815  23.3  4.2 12.3  chr1       687007  687339 (246562380) +  L1MC4          LINE/L1               6718 7080  (962)    275
 1672  21.9  1.3  1.0  chr1       709605  709987 (246539732) +  L1MC4          LINE/L1               6703 7086  (956)    328
 1932  23.4  7.1  0.5  chr1       710004  710612 (246539107) +  L1MC4          LINE/L1               7252 7900  (142)    328
  344  25.7 12.3  5.6  chr1       717626  717967 (246531752) C  L1MC4          LINE/L1             (3822) 2393   2029    341
  611  31.2  5.5  4.1  chr1       718272  718836 (246530883) C  L1MC4          LINE/L1             (4522) 1693   1121    341
  384  33.0  8.7  3.2  chr1       740416  740600 (246509119) +  L1MC4          LINE/L1               1555 1749 (4466)    361
  544  30.3  8.3  2.6  chr1       741075  741376 (246508343) +  L1MC4          LINE/L1               3031 3349 (2865)    361
  636  23.7 11.0  0.0  chr1      1073552 1073724 (246175995) +  L1MC4          LINE/L1               6737 6928 (1114)     74
  304  27.2  2.5  5.8  chr1      1097975 1098095 (246151624) +  L1MC4          LINE/L1               2108 2224 (3991)     91
  304  22.4 20.8  4.5  chr1      1333724 1333901 (245915818) C  L1MC4          LINE/L1               (64) 7978   7772    360
