 6359  27.9 15.6  2.1  chr1      1018842 1019334 (246230385) C  L1MD3          LINE/L1             (2134) 5795   5199      3
 6359  25.8  8.6  5.8  chr1      1019583 1019640 (246230079) C  L1MD3          LINE/L1              (882) 5198   5141      3
 6359  25.8  8.6  5.8  chr1      1019943 1021443 (246228276) C  L1MD3          LINE/L1              (940) 5140   3554      3
 6359  25.8  8.6  5.8  chr1      1021708 1021978 (246227741) C  L1MD3          LINE/L1             (2527) 3553   3276      3
 6359  25.8  8.6  5.8  chr1      1022272 1022359 (246227360) C  L1MD3          LINE/L1             (2805) 3275   3203      3
 6359  25.8  8.6  5.8  chr1      1022956 1023319 (246226400) C  L1MD3          LINE/L1             (2878) 3202   2865      3
 6359  25.8  8.6  5.8  chr1      1023612 1023862 (246225857) C  L1MD3          LINE/L1             (3216) 2864   2605      3
 6359  25.8  8.6  5.8  chr1      1024155 1024320 (246225399) C  L1MD3          LINE/L1             (3476) 2604   2436      3
  303  26.5  4.8  0.0  chr1      1024322 1024404 (246225315) C  L1MD3          LINE/L1             (3569) 2511   2425      3
  319  14.7 10.4  2.6  chr1      1024379 1024455 (246225264) C  L1MD3          LINE/L1             (3550) 2530   2448      3
  255  23.5  1.5  0.0  chr1      1024460 1024527 (246225192) C  L1MD3          LINE/L1             (3556) 2524   2456      3
  236  22.3  4.2  2.1  chr1      1024529 1024624 (246225095) C  L1MD3          LINE/L1             (3547) 2533   2436      3
  261  21.7  3.2  1.1  chr1      1024683 1024775 (246224944) C  L1MD3          LINE/L1             (3550) 2530   2436      3
  245  21.4  5.6  0.0  chr1      1024768 1024856 (246224863) C  L1MD3          LINE/L1             (3556) 2524   2431      3
  253  18.2  4.5  0.0  chr1      1024845 1024910 (246224809) C  L1MD3          LINE/L1             (3556) 2524   2456      3
  332  18.6  3.0  2.0  chr1      1024914 1025012 (246224707) C  L1MD3          LINE/L1             (3550) 2530   2431      3
  225  19.4  8.6  0.0  chr1      1024995 1025087 (246224632) C  L1MD3          LINE/L1             (3549) 2531   2431      3
  295  15.3  5.6  0.0  chr1      1025076 1025147 (246224572) C  L1MD3          LINE/L1             (3556) 2524   2449      3
  474  25.9  1.0  0.9  chr1      1025384 1025538 (246224181) C  L1MD3          LINE/L1             (4088) 2179   2031      3
  239  28.7 18.9  0.0  chr1      1026272 1026435 (246223284) C  L1MD3          LINE/L1             (4619) 1557   1363      3
  727  28.6  7.0 10.1  chr1      1026969 1027032 (246222687) C  L1MD3          LINE/L1             (4862) 1314   1252      3
 1271  28.6  7.0 10.1  chr1      1027344 1027740 (246221979) C  L1MD3          LINE/L1             (4925) 1251    890      3
 1271  29.2  8.0  7.3  chr1      1028386 1028962 (246220757) C  L1MD3          LINE/L1             (5285)  891    266      3
