 2033  26.6  8.7  4.6  chr1       910067  910103 (246339616) C  L1ME1          LINE/L1                (5) 6552   6518    539
 2033  26.6  8.7  4.6  chr1       910416  910842 (246338877) C  L1ME1          LINE/L1               (40) 6517   6067    539
 2033  26.6  8.7  4.6  chr1       911689  912018 (246337701) C  L1ME1          LINE/L1              (491) 6066   5720    539
 1182  20.2  4.1 11.6  chr1       914600  914751 (246334968) C  L1ME1          LINE/L1              (879) 5658   5496    539
 1182  20.2  4.1 11.6  chr1       915108  915228 (246334491) C  L1ME1          LINE/L1             (1042) 5495   5400    539
 1182  20.2  4.1 11.6  chr1       915780  915961 (246333758) C  L1ME1          LINE/L1             (1138) 5399   5234    539
  910  18.8  8.2  5.3  chr1       916239  916418 (246333301) C  L1ME1          LINE/L1             (1780) 4757   4569    539
  910  18.8  8.2  5.3  chr1       917069  917158 (246332561) C  L1ME1          LINE/L1             (1977) 4560   4471    539
  916  23.3 14.5  1.1  chr1       917209  917373 (246332346) C  L1ME1          LINE/L1             (5005) 1713   1532    539
  916  25.2 14.4  1.2  chr1       917713  917939 (246331780) C  L1ME1          LINE/L1             (5187) 1531   1226    539
