  329  18.2  7.8  0.0  chr1       374307  374383 (246875336) C  L1PA8          LINE/L1              (144) 6028   5946     83
  364  20.6  6.1  1.0  chr1       374363  374460 (246875259) C  L1PA8          LINE/L1              (124) 6048   5946     83
  385  19.6  6.1  1.0  chr1       374440  374537 (246875182) C  L1PA8          LINE/L1              (124) 6048   5946     83
  385  19.6  6.1  1.0  chr1       374517  374614 (246875105) C  L1PA8          LINE/L1              (124) 6048   5946     83
  385  19.6  6.1  1.0  chr1       374594  374691 (246875028) C  L1PA8          LINE/L1              (124) 6048   5946     83
  385  19.6  6.1  1.0  chr1       374671  374768 (246874951) C  L1PA8          LINE/L1              (124) 6048   5946     83
  385  19.6  6.1  1.0  chr1       374748  374845 (246874874) C  L1PA8          LINE/L1              (124) 6048   5946     83
  310  23.7  6.1  1.0  chr1       374825  374922 (246874797) C  L1PA8          LINE/L1              (124) 6048   5946     83
  364  20.6  6.1  1.0  chr1       374902  374999 (246874720) C  L1PA8          LINE/L1              (124) 6048   5946     83
  385  19.6  6.1  1.0  chr1       374979  375076 (246874643) C  L1PA8          LINE/L1              (124) 6048   5946     83
  385  19.6  6.1  1.0  chr1       375056  375153 (246874566) C  L1PA8          LINE/L1              (124) 6048   5946     83
  385  19.6  6.1  1.0  chr1       375133  375230 (246874489) C  L1PA8          LINE/L1              (124) 6048   5946     83
  385  19.6  6.1  1.0  chr1       375210  375307 (246874412) C  L1PA8          LINE/L1              (124) 6048   5946     83
  385  19.6  6.1  1.0  chr1       375287  375384 (246874335) C  L1PA8          LINE/L1              (124) 6048   5946     83
  385  19.6  6.1  1.0  chr1       375364  375461 (246874258) C  L1PA8          LINE/L1              (124) 6048   5946     83
  385  19.6  6.1  1.0  chr1       375441  375538 (246874181) C  L1PA8          LINE/L1              (124) 6048   5946     83
  385  19.6  6.1  1.0  chr1       375518  375615 (246874104) C  L1PA8          LINE/L1              (124) 6048   5946     83
  385  19.6  6.1  1.0  chr1       375595  375692 (246874027) C  L1PA8          LINE/L1              (124) 6048   5946     83
  385  19.6  6.1  1.0  chr1       375672  375769 (246873950) C  L1PA8          LINE/L1              (124) 6048   5946     83
  385  19.6  6.1  1.0  chr1       375749  375846 (246873873) C  L1PA8          LINE/L1              (124) 6048   5946     83
  385  19.6  6.1  1.0  chr1       375826  375923 (246873796) C  L1PA8          LINE/L1              (124) 6048   5946     83
  364  20.6  6.1  1.0  chr1       375903  376000 (246873719) C  L1PA8          LINE/L1              (124) 6048   5946     83
  364  20.6  6.1  1.0  chr1       375980  376077 (246873642) C  L1PA8          LINE/L1              (124) 6048   5946     83
  364  20.6  6.1  1.0  chr1       376057  376154 (246873565) C  L1PA8          LINE/L1              (124) 6048   5946     83
  342  21.6  6.1  1.0  chr1       376134  376231 (246873488) C  L1PA8          LINE/L1              (124) 6048   5946     83
  342  21.6  6.1  1.0  chr1       376211  376308 (246873411) C  L1PA8          LINE/L1              (124) 6048   5946     83
  342  21.6  6.1  1.0  chr1       376288  376385 (246873334) C  L1PA8          LINE/L1              (124) 6048   5946     83
  342  21.6  6.1  1.0  chr1       376365  376462 (246873257) C  L1PA8          LINE/L1              (124) 6048   5946     83
  354  21.6  6.1  1.0  chr1       376442  376539 (246873180) C  L1PA8          LINE/L1              (124) 6048   5946     83
  342  19.8  7.2  1.0  chr1       593656  593752 (246655967) +  L1PA8          LINE/L1               5946 6048  (124)    126
  358  18.8  7.2  1.0  chr1       593732  593828 (246655891) +  L1PA8          LINE/L1               5946 6048  (124)    126
  355  19.6  6.1  1.0  chr1       593808  593905 (246655814) +  L1PA8          LINE/L1               5946 6048  (124)    126
  332  21.6  6.1  1.0  chr1       593885  593982 (246655737) +  L1PA8          LINE/L1               5946 6048  (124)    126
  346  17.1  7.3  0.0  chr1       593962  594043 (246655676) +  L1PA8          LINE/L1               5946 6033  (139)    126
  319  20.8  7.2  1.0  chr1       594039  594135 (246655584) +  L1PA8          LINE/L1               5946 6048  (124)    127
  313  19.5  7.3  0.0  chr1       594115  594196 (246655523) +  L1PA8          LINE/L1               5946 6033  (139)    127
  305  19.8  7.1  2.0  chr1       594192  594289 (246655430) +  L1PA8          LINE/L1               5946 6048  (124)    128
  339  14.8  8.5  1.2  chr1       594269  594350 (246655369) +  L1PA8          LINE/L1               5946 6033  (139)    128
  327  18.8  7.1  2.0  chr1       594346  594443 (246655276) +  L1PA8          LINE/L1               5946 6048  (124)    129
  309  17.3  8.5  1.2  chr1       594423  594504 (246655215) +  L1PA8          LINE/L1               5946 6033  (139)    129
  327  18.8  7.1  2.0  chr1       594500  594597 (246655122) +  L1PA8          LINE/L1               5946 6048  (124)    130
  335  20.6  6.1  1.0  chr1       594577  594674 (246655045) +  L1PA8          LINE/L1               5946 6048  (124)    130
  306  18.5  8.5  1.2  chr1       594654  594735 (246654984) +  L1PA8          LINE/L1               5946 6033  (139)    130
  327  18.8  7.1  2.0  chr1       594731  594828 (246654891) +  L1PA8          LINE/L1               5946 6048  (124)    131
  355  19.6  6.1  1.0  chr1       594808  594905 (246654814) +  L1PA8          LINE/L1               5946 6048  (124)    131
  355  19.6  6.1  1.0  chr1       594885  594982 (246654737) +  L1PA8          LINE/L1               5946 6048  (124)    131
  339  14.8  8.5  1.2  chr1       594962  595043 (246654676) +  L1PA8          LINE/L1               5946 6033  (139)    131
