 1412  27.0  8.1  3.3  chr1       676261  676869 (246572850) +  L2             LINE/L2               2563 3203  (216)    258
  201  28.2 10.0  5.6  chr1       713178  713267 (246536452) C  L2             LINE/L2             (1004) 2415   2322    336
  184  21.7 26.7  0.0  chr1       724513  724572 (246525147) C  L2             LINE/L2                (0) 3419   3344    349
  186  28.4  8.6  5.4  chr1       727755  727847 (246521872) C  L2             LINE/L2               (45) 3374   3279    353
  218  25.0  1.6  3.2  chr1       732268  732329 (246517390) C  L2             LINE/L2                (7) 3371   3311    355
  308  28.9  9.8  3.8  chr1       760866  760998 (246488721) C  L2             LINE/L2              (155) 3223   3083    386
  198  25.8  7.9  1.6  chr1       761595  761657 (246488062) +  L2             LINE/L2               3026 3092  (327)    388
  239  26.4 27.1  0.0  chr1       826915  827043 (246422676) C  L2             LINE/L2                (5) 3373   3210    461
  180  28.7  6.7  9.6  chr1       833299  833402 (246416317) +  L2             LINE/L2               3226 3326   (93)    472
  292  32.0  4.3  8.0  chr1       837706  837892 (246411827) C  L2             LINE/L2              (100) 3278   3099    478
  215  27.6  9.3  3.1  chr1       838062  838158 (246411561) +  L2             LINE/L2               3272 3374    (4)    479
  217  27.9 20.9  0.0  chr1       844351  844436 (246405283) C  L2             LINE/L2               (19) 3400   3297    483
  203  39.1 15.7  0.8  chr1       882778  882911 (246366808) +  L2             LINE/L2               2468 2621  (798)    512
  373  34.3 13.6  1.6  chr1       882914  883291 (246366428) +  L2             LINE/L2               2722 3146  (273)    512
  270  35.3 15.4  3.4  chr1       883831  884038 (246365681) +  L2             LINE/L2               3187 3419    (0)    512
  589  32.7 11.2  0.8  chr1       893763  894120 (246355599) C  L2             LINE/L2               (42) 3377   2983    522
  269  37.0  3.8  2.2  chr1       929945  930129 (246319590) +  L2             LINE/L2                544  731 (2688)    577
  183  28.4 20.6  8.0  chr1       985306  985329 (246264390) C  L2             LINE/L2              (756) 2663   2649    635
  183  28.4 20.6  8.0  chr1       985619  985869 (246263850) C  L2             LINE/L2              (771) 2648   2353    635
  196  22.4 13.4  0.0  chr1       986561  986627 (246263092) C  L2             LINE/L2             (1524) 1895   1820    635
  183  21.5 19.7  0.8  chr1      1072295 1072416 (246177303) C  L2             LINE/L2             (1168) 2251   2107     71
  203  24.5  0.0  0.0  chr1      1081208 1081256 (246168463) +  L2             LINE/L2               2094 2142 (1277)     81
  243  26.8 15.9  2.3  chr1      1121584 1121671 (246128048) +  L2             LINE/L2               3316 3415    (4)    121
  183  35.1  1.8  0.0  chr1      1128751 1128807 (246120912) C  L2             LINE/L2                (6) 3413   3356    126
  217  31.7  1.2  3.5  chr1      1155284 1155368 (246094351) +  L2             LINE/L2               2425 2507  (912)    150
  268  24.3  5.2  3.9  chr1      1155461 1155537 (246094182) +  L2             LINE/L2               3285 3362   (16)    151
  270  28.9  6.0  1.7  chr1      1183970 1184085 (246065634) +  L2             LINE/L2               2595 2715  (704)    173
  256  30.2  4.1  4.1  chr1      1186304 1186424 (246063295) C  L2             LINE/L2             (1315) 2104   1984    177
  180  26.6  4.8  6.0  chr1      1226936 1227019 (246022700) +  L2             LINE/L2               2335 2417 (1002)    219
  300  34.4 12.0  3.8  chr1      1244851 1245116 (246004603) C  L2             LINE/L2               (20) 3399   3112    237
  214  24.3  6.4  2.7  chr1      1247260 1247369 (246002350) +  L2             LINE/L2               3239 3352   (26)    238
  243  30.7  7.8  1.0  chr1      1286533 1286634 (245963085) C  L2             LINE/L2                (6) 3372   3264    270
  272  25.2  7.6  1.9  chr1      1347625 1347729 (245901990) +  L2             LINE/L2               3208 3318  (101)    374
  201  21.3  2.1  0.0  chr1      1348618 1348664 (245901055) +  L2             LINE/L2               3329 3376    (2)    374
