  199  23.9  7.9  1.1  chr1       698063  698151 (246551568) C  MIR            SINE/MIR              (56)  179     85    300
  546  31.1  8.3  3.6  chr1       722574  722826 (246526893) C  MIR            SINE/MIR               (1)  267      3    347
  344  32.6  9.6  1.7  chr1       726447  726624 (246523095) C  MIR            SINE/MIR              (42)  220     29    351
  185  30.4 11.4  0.0  chr1       761285  761363 (246488356) +  MIR            SINE/MIR                57  144   (64)    387
  286  29.4  6.5  1.8  chr1       773052  773175 (246476544) C  MIR            SINE/MIR             (127)  141      6    402
  265  20.5 10.5  0.7  chr1       848576  848686 (246401033) +  MIR            SINE/MIR                49  173  (103)    484
  196  21.9  0.0  0.0  chr1       860548  860588 (246389131) +  MIR            SINE/MIR               113  153   (55)    496
  240  21.3 10.4  2.6  chr1       927589  927658 (246322061) +  MIR            SINE/MIR                73  149  (113)    573
  534  25.8  9.4  0.0  chr1       964243  964401 (246285318) C  MIR            SINE/MIR              (29)  233     60    619
  394  32.1 18.8  0.5  chr1      1030179 1030375 (246219344) C  MIR            SINE/MIR               (0)  262     30     22
  209  33.3  9.4  0.0  chr1      1100889 1100999 (246148720) C  MIR            SINE/MIR              (20)  246    123     95
  190  32.4  1.4  0.0  chr1      1271310 1271383 (245978336) C  MIR            SINE/MIR             (132)  130     56    251
