  357  31.1 10.8  6.2  chr1       680698  680892 (246568827) +  MIRb           SINE/MIR                 3  206   (62)    267
  188  20.0  0.0  2.4  chr1       683654  683694 (246566025) +  MIRb           SINE/MIR               229  268    (0)    278
  315  30.6 16.4  0.0  chr1       692055  692188 (246557531) C  MIRb           SINE/MIR              (14)  254     99    291
  283  24.7  2.5  0.0  chr1       698495  698575 (246551144) C  MIRb           SINE/MIR             (176)   92     10    301
  234  27.5  3.5  5.9  chr1       702006  702090 (246547629) C  MIRb           SINE/MIR              (86)  182    100    307
  319  31.1  3.8  1.9  chr1       712972  713076 (246536643) C  MIRb           SINE/MIR             (107)  161     55    335
  244  36.0  0.0  5.9  chr1       765744  765861 (246483858) C  MIRb           SINE/MIR             (140)  128     18    395
  459  31.3  4.8  0.0  chr1       766906  767071 (246482648) +  MIRb           SINE/MIR                85  258   (10)    397
  278  26.1  5.3  2.1  chr1       790806  790899 (246458820) +  MIRb           SINE/MIR                73  169   (99)    417
  248  26.5  2.8  3.8  chr1       794868  794973 (246454746) C  MIRb           SINE/MIR              (49)  219    115    422
  568  24.7  6.4  1.9  chr1       815010  815166 (246434553) +  MIRb           SINE/MIR                33  196   (72)    439
  215  29.8  5.3  1.1  chr1       837146  837240 (246412479) C  MIRb           SINE/MIR              (87)  181     83    476
  192  33.8  3.7  1.2  chr1       837563  837643 (246412076) +  MIRb           SINE/MIR               137  219   (49)    477
  330  22.3 11.0  3.3  chr1       840960  841080 (246408639) C  MIRb           SINE/MIR              (46)  162     41    482
  225  36.0  3.4  0.0  chr1      1154939 1155027 (246094692) +  MIRb           SINE/MIR                60  151  (117)    148
  205  38.2  8.4  1.9  chr1      1156661 1156874 (246092845) C  MIRb           SINE/MIR               (2)  260     38    154
  199  29.1  8.4  3.7  chr1      1160004 1160110 (246089609) C  MIRb           SINE/MIR             (130)  138     27    159
  357  28.0 10.6  0.0  chr1      1207396 1207527 (246042192) C  MIRb           SINE/MIR             (116)  152      7    206
