 2121  15.1  6.5  3.1  chr1        93331   93479 (247156240) +  MSTB1          LTR/MaLR                 1  149  (283)    128
 2121  15.1  6.5  3.1  chr1        93773   94023 (247155696) +  MSTB1          LTR/MaLR               150  415   (17)    128
 2121  15.1  6.5  3.1  chr1        94063   94078 (247155641) +  MSTB1          LTR/MaLR               416  431    (1)    128
 1868  19.1  3.4  6.1  chr1       220560  220999 (247028720) +  MSTB1          LTR/MaLR                 5  432    (0)      6
 2097  15.3  6.5  3.1  chr1       239648  239796 (247009923) +  MSTB1          LTR/MaLR                 1  149  (283)     35
 2097  15.3  6.5  3.1  chr1       240090  240340 (247009379) +  MSTB1          LTR/MaLR               150  415   (17)     35
 2097  15.3  6.5  3.1  chr1       240378  240393 (247009326) +  MSTB1          LTR/MaLR               416  431    (1)     35
 2260  16.1  6.5  3.1  chr1       394506  394521 (246855198) C  MSTB1          LTR/MaLR               (0)  432    417    112
 2260  16.1  6.5  3.1  chr1       394571  394821 (246854898) C  MSTB1          LTR/MaLR              (16)  416    151    112
 2260  16.1  6.5  3.1  chr1       395114  395262 (246854457) C  MSTB1          LTR/MaLR             (282)  150      2    112
 1791  18.1  4.1  6.8  chr1       458410  458849 (246790870) C  MSTB1          LTR/MaLR               (0)  432      5    220
 2072  16.1  6.5  3.1  chr1       574935  575083 (246674636) +  MSTB1          LTR/MaLR                 1  149  (283)     96
 2072  16.1  6.5  3.1  chr1       575376  575626 (246674093) +  MSTB1          LTR/MaLR               150  415   (17)     96
 2072  16.1  6.5  3.1  chr1       575670  575685 (246674034) +  MSTB1          LTR/MaLR               416  431    (1)     96
