 2812   0.3  0.0  0.0  chr1      35582437 35582731 (213667890) C  AluYc5         SINE/Alu               (4)  295      1  65964
  385  10.0  0.0  0.0  chr1      173645943 173645992 (75604629) +  AluYc5         SINE/Alu               239  288   (11) 246598
  348  13.7  0.0  0.0  chr2      9398338 9398388 (233800985) +  AluYc5         SINE/Alu               234  284   (15) 370847
  409  15.2  0.0  0.0  chr2      33654668 33654726 (209544647) C  AluYc5         SINE/Alu              (12)  287    229 409161
  426   9.3  0.0  0.0  chr2      113708073 113708126 (129491247) +  AluYc5         SINE/Alu               236  289   (10) 520025
  369  10.4  0.0  0.0  chr2      177268547 177268594 (65930779) C  AluYc5         SINE/Alu              (18)  281    234 608239
  462  14.3  0.0  0.0  chr3      66924157 66924226 (131098204) C  AluYc5         SINE/Alu              (11)  288    219 807461
 2768   2.0  0.0  0.0  chr3      190156698 190156992 (7865438) +  AluYc5         SINE/Alu                 2  296    (3) 980480
 2743   1.4  0.0  0.0  chr3      193638192 193638485 (4383945) C  AluYc5         SINE/Alu               (5)  294      1 985580
  310   8.0  5.9  0.7  chr5      18363886 18363956 (162551304) C  AluYc5         SINE/Alu              (23)  276    243 1282690
 2398   8.0  0.0  0.7  chr5      32424367 32424666 (148490594) +  AluYc5         SINE/Alu                 1  298    (1) 1302197
 2388   4.1  0.0  0.0  chr6      114615606 114615873 (56499194) C  AluYc5         SINE/Alu               (8)  291     24 1677294
 2538   4.5  0.0  0.0  chr6      134549977 134550267 (36564800) C  AluYc5         SINE/Alu               (7)  292      2 1703705
  526  14.1  0.0  0.0  chr7      73341183 73341260 (85797403) C  AluYc5         SINE/Alu               (0)  299    222 1859443
  360  10.0  6.0  0.0  chr7      100760013 100760062 (58378601) C  AluYc5         SINE/Alu              (10)  289    237 1901622
 2755   1.4  0.0  0.0  chr7      129313288 129313575 (29825088) +  AluYc5         SINE/Alu                 1  288   (11) 1942698
 2477   5.7  0.3  0.0  chr7      139009034 139009331 (20129332) +  AluYc5         SINE/Alu                 1  299    (0) 1957824
  386  20.0  0.0  0.0  chr7      157212258 157212322 (1926341) C  AluYc5         SINE/Alu              (10)  289    225 1984216
  318  26.7  0.0  0.0  chrX      56960794 56960868 (98309692) +  AluYc5         SINE/Alu               221  295    (4) 2075140
  495   5.0  0.0  0.0  chr8      71636123 71636182 (74727840) C  AluYc5         SINE/Alu              (14)  285    226 2294935
  295  19.2  0.0  0.0  chr9      104887244 104887295 (36326136) C  AluYc5         SINE/Alu              (10)  289    238 2531213
 2756   2.0  0.0  0.0  chr9      111127280 111127575 (30085856) +  AluYc5         SINE/Alu                 1  296    (3) 2541037
  352   5.9  7.8  0.0  chr10     9382105 9382155 (126152592) +  AluYc5         SINE/Alu               231  285   (14) 2606544
  278  18.9  0.0  0.0  chr10     39074735 39074787 (96459960) C  AluYc5         SINE/Alu              (20)  279    227 2653130
  318  20.0  0.0  0.0  chr10     116434465 116434519 (19100228) C  AluYc5         SINE/Alu              (11)  288    234 2766377
  491   3.6  0.0  0.0  chr10     128237315 128237370 (7297377) C  AluYc5         SINE/Alu              (15)  284    229 2784303
  266  21.7 15.0  0.0  chr11     29524544 29524603 (105481913) +  AluYc5         SINE/Alu               220  288   (11) 2835111
  301  13.6  0.0  0.0  chr11     44679436 44679479 (90327037) C  AluYc5         SINE/Alu              (22)  277    234 2858173
  349  13.5  0.0  0.0  chr11     56123138 56123189 (78883327) +  AluYc5         SINE/Alu               238  289   (10) 2869295
  435  10.5  0.0  0.0  chr11     129672511 129672567 (5333949) +  AluYc5         SINE/Alu               230  286   (13) 2984763
  364  16.1  1.8  0.0  chr13     33121652 33121707 (82048171) +  AluYc5         SINE/Alu               233  289   (10) 3221356
  412   4.1  0.0  0.0  chr13     97646948 97646996 (17522882) C  AluYc5         SINE/Alu              (11)  288    240 3311600
 2774   0.3  0.0  0.0  chr13     101172620 101172911 (13996967) +  AluYc5         SINE/Alu                 1  292    (7) 3317246
  315  13.0  9.3  0.0  chr14     50602363 50602416 (56747124) C  AluYc5         SINE/Alu              (10)  289    231 3377769
  324  14.6  0.0  0.0  chr14     74472036 74472083 (32877457) +  AluYc5         SINE/Alu               238  285   (14) 3414833
  357  10.6  0.0  0.0  chr18     31415466 31415512 (46661736) +  AluYc5         SINE/Alu               233  279   (20) 3915757
  554  11.1  0.0  0.0  chr20     11522241 11522334 (51503186) C  AluYc5         SINE/Alu               (0)  299    198 3999206
 1457   7.0  0.5  6.0  chr20     11522384 11522583 (51502937) C  AluYc5         SINE/Alu              (83)  216     28 3999206
 2343   5.1  0.0  2.2  chr20     53593041 53593342 (9432178) C  AluYc5         SINE/Alu               (0)  299      1 4069822
  415  10.9  0.0  0.0  chr19     19719187 19719241 (39409742) +  AluYc5         SINE/Alu               235  289   (10) 4160453
  353  11.1  9.3  0.0  chr19     53932389 53932442 (5196541) +  AluYc5         SINE/Alu               231  289   (10) 4217230
  345  13.5  0.0  0.0  chr22     17038908 17038959 (34265607) C  AluYc5         SINE/Alu              (15)  284    233 4228390
  338  15.2  0.0  0.0  chr22     17376924 17376982 (33927584) C  AluYc5         SINE/Alu              (14)  285    227 4228831
  381  14.3  0.0  0.0  chr22     33511400 33511455 (17793111) +  AluYc5         SINE/Alu               234  289   (10) 4258389
  356   5.8  1.9  1.9  chr21     30797779 30797830 (17332065) +  AluYc5         SINE/Alu               238  289   (10) 4314903
