chr1	32571204	32571811	HDAC1	14	+	23	68	607	0.1120264
chr1	32603293	32604842	BSDC1	9	-	2	60	1549	0.0387347
chr1	33013426	33014279	YARS	13	-	2	31	853	0.0363423
chr1	33537117	33538907	ZNF362	9	+	0	0	1790	0.0000000
chr1	33849227	33849437	CSMD2	70	-	0	0	210	0.0000000
chr1	34438959	34439220	C1orf94	7	+	0	0	261	0.0000000
chr1	35224353	35227123	ZMYM6	16	-	42	100	2770	0.0361011
chr1	35421789	35422781	SFPQ	10	-	0	0	992	0.0000000
chr1	35798513	35799482	NCDN	8	+	0	0	969	0.0000000
chr1	36126614	36126798	EIF2C1	19	+	0	0	184	0.0000000
chr1	36157686	36162486	EIF2C1	19	+	4	33	4800	0.0068750
chr1	39647762	39654741	KIAA0754	1	+	1	30	6979	0.0042986
chr1	39763907	39768128	BMP8A	7	+	0	0	4221	0.0000000
chr1	39861689	39865439	HEYL	5	-	0	0	3750	0.0000000
chr1	40858938	40864988	RIMS3	8	-	24	140	6050	0.0231405
chr1	41008967	41009860	NFYC	10	+	0	0	893	0.0000000
chr1	42401660	42401868	GUCA2A	3	-	0	0	208	0.0000000
chr1	43089207	43090733	ZNF691	2	+	0	0	1526	0.0000000
chr1	43597747	43597896	CDC20	11	+	0	0	149	0.0000000
chr1	43826988	43827258	PTPRF	33	+	0	0	270	0.0000000
chr1	43843447	43843701	PTPRF	33	+	0	0	254	0.0000000
chr1	43941874	43941994	KDM4A	22	+	0	0	120	0.0000000
chr1	44367611	44368455	KLF17	4	+	42	72	844	0.0853081
chr1	44892087	44893468	TMEM53	3	-	3	61	1381	0.0441709
chr1	45023163	45023244	BEST4	9	-	0	0	81	0.0000000
chr1	45580207	45580366	TOE1	8	+	0	0	159	0.0000000
chr1	46956161	46957323	KIAA0494	11	-	0	0	1162	0.0000000
chr1	47674275	47678950	FOXD2	1	+	0	0	4675	0.0000000
chr1	50659236	50659804	DMRTA2	3	-	0	0	568	0.0000000
chr1	51560377	51560526	TTC39A	18	-	0	0	149	0.0000000
chr1	51592522	51595106	EPS15	25	-	0	0	2584	0.0000000
chr1	53034993	53035044	ZYG11B	14	+	0	0	51	0.0000000
chr1	54148191	54149347	DIO1	4	+	0	0	1156	0.0000000
chr1	54410614	54413083	CYB5RL	8	-	0	0	2469	0.0000000
chr1	55230096	55230554	TMEM61	3	+	0	0	458	0.0000000
chr1	55246474	55247053	BSND	4	+	0	0	579	0.0000000
chr1	55410637	55410781	USP24	68	-	0	0	144	0.0000000
chr1	56934195	56934420	PRKAA2	9	+	0	0	225	0.0000000
chr1	56945735	56953596	PRKAA2	9	+	0	0	7861	0.0000000
chr1	60111054	60114638	HOOK1	22	+	1	30	3584	0.0083705
chr1	64012277	64012767	ROR1	7	+	21	50	490	0.1020408
chr1	64896975	64897144	CACHD1	27	+	0	0	169	0.0000000
chr1	64929593	64931329	CACHD1	27	+	0	0	1736	0.0000000
chr1	67222842	67226890	MIER1	15	+	0	0	4048	0.0000000
chr1	67646080	67651534	SERBP1	8	-	3	31	5454	0.0056839
chr1	68712422	68715340	DEPDC1	11	-	0	0	2918	0.0000000
chr1	70497272	70501118	ANKRD13C	13	-	0	0	3846	0.0000000
chr1	75399091	75399806	LHX8	10	+	0	0	715	0.0000000
chr1	78217156	78217365	FUBP1	20	-	0	0	209	0.0000000
chr1	84473450	84476769	PRKACB	10	+	0	0	3319	0.0000000
chr1	84787056	84787235	SPATA1	15	+	0	0	179	0.0000000
chr1	84881977	84885878	SSX2IP	13	-	0	0	3901	0.0000000
chr1	85163853	85164992	MCOLN2	14	-	0	0	1139	0.0000000
chr1	85556756	85559839	DDAH1	7	-	0	0	3083	0.0000000
chr1	86720475	86720653	CLCA1	14	+	0	0	178	0.0000000
chr1	86736842	86737082	CLCA1	14	+	0	0	240	0.0000000
chr1	86818212	86819020	CLCA4	14	+	0	0	808	0.0000000
chr1	86981398	86986455	SH3GLB1	9	+	0	0	5057	0.0000000
chr1	89505687	89505797	GBP5	12	-	0	0	110	0.0000000
chr1	89830917	89836006	LRRC8B	6	+	0	0	5089	0.0000000
chr1	92422008	92422867	KIAA1107	9	+	0	0	859	0.0000000
chr1	92746840	92752115	EVI5	18	-	2	33	5275	0.0062559
chr1	93421504	93421640	CCDC18	28	+	0	0	136	0.0000000
chr1	93470570	93470738	CCDC18	28	+	0	0	168	0.0000000
chr1	94125177	94127303	GCLM	7	-	21	50	2126	0.0235183
chr1	100425065	100434566	DBT	11	-	0	0	9501	0.0000000
chr1	100777037	100780171	GPR88	2	+	1	30	3134	0.0095724
chr1	101203912	101204062	SLC30A7	12	+	0	0	150	0.0000000
chr1	109281221	109281563	CLCC1	12	-	0	0	342	0.0000000
chr1	109624921	109625396	PSRC1	7	-	0	0	475	0.0000000
chr1	109653714	109658202	SORT1	20	-	2	31	4488	0.0069073
chr1	109641566	109641762	MYBPHL	9	-	0	0	196	0.0000000
chr1	109936489	109939975	GNAI3	9	+	0	0	3486	0.0000000
chr1	109886566	109888784	GPR61	3	+	1	30	2218	0.0135257
chr1	110542220	110546346	SLC6A17	12	+	0	0	4126	0.0000000
chr1	110722997	110723501	SLC16A4	9	-	0	0	504	0.0000000
chr1	111295432	111296960	C1orf103	4	-	0	0	1528	0.0000000
chr1	111574886	111575088	CHI3L2	10	+	0	0	202	0.0000000
chr1	111788011	111788066	WDR77	10	-	0	0	55	0.0000000
chr1	112800075	112805308	CTTNBP2NL	6	+	0	0	5233	0.0000000
chr1	112867663	112870256	ST7L	15	-	0	0	2593	0.0000000
chr1	113033079	113033283	MOV10	21	+	0	0	204	0.0000000
chr1	113966950	113967139	MAGI3	21	+	0	0	189	0.0000000
chr1	114736921	114742005	TRIM33	20	-	0	0	5084	0.0000000
chr1	115064682	115064861	CSDE1	19	-	21	50	179	0.2793296
chr1	115113627	115118516	SIKE1	5	-	388	602	4889	0.1231336
chr1	115392155	115394699	TSPAN2	8	-	0	0	2544	0.0000000
chr1	116375509	116375725	SLC22A15	12	+	0	0	216	0.0000000
chr1	117112608	117113374	CD2	5	+	0	0	766	0.0000000
chr1	118243201	118243361	GDAP2	13	-	0	0	160	0.0000000
chr1	119765954	119767183	HSD3B2	4	+	0	0	1229	0.0000000
chr1	119963522	119968262	ZNF697	3	-	1	30	4740	0.0063291
chr1	120143870	120144008	REG4	6	-	0	0	138	0.0000000
chr1	120255698	120260840	NOTCH2	34	-	0	0	5142	0.0000000
chr1	144523252	144523359	GPR89A	14	-	0	0	107	0.0000000
chr1	144768943	144769091	NBPF11	23	-	0	0	148	0.0000000
chr1	145931566	145932377	GPR89B	14	+	0	0	811	0.0000000
chr1	146472849	146473022	NBPF14	22	-	0	0	173	0.0000000
chr1	148029416	148030698	FCGR1A	6	+	0	0	1282	0.0000000
chr1	148209614	148209803	OTUD7B	12	-	0	0	189	0.0000000
