1254	NM_138318	chr14	-	87716206	87807008	87721631	87806886	7	87716206,87724063,87728320,87763471,87776799,87799298,87806834,	87722252,87724206,87728507,87763632,87776917,87799648,87807008,	0	KCNK10	cmpl	cmpl	0,1,0,1,0,1,0,
94	NM_182728	chr14	-	22664343	22693450	22666225	22682152	9	22664343,22667067,22668698,22670509,22676969,22678472,22679519,22682127,22693307,	22666392,22667245,22668848,22670606,22677073,22678596,22679673,22682253,22693450,	0	SLC7A8	cmpl	cmpl	1,0,0,2,0,2,1,0,-1,
163	NM_144664	chr11	-	95141753	95162602	95144372	95162290	10	95141753,95148733,95151633,95152418,95152690,95155876,95158930,95160435,95161310,95162203,	95144462,95148835,95151769,95152499,95152738,95156076,95159086,95160490,95161375,95162602,	0	FAM76B	cmpl	cmpl	0,0,2,2,2,0,0,2,0,0,
984	NM_005176	chr12	-	52345210	52356376	52345364	52356243	5	52345210,52349198,52349921,52352626,52356103,	52345479,52349392,52349999,52352696,52356376,	0	ATP5G2	cmpl	cmpl	2,0,0,2,0,
921	NM_000290	chr7	-	44068851	44071711	44068887	44071653	3	44068851,44070955,44071239,	44069054,44071136,44071711,	0	PGAM2	cmpl	cmpl	1,0,0,
2154	NM_001877	chr1	+	205694267	205729861	205694386	205725522	19	205694267,205706493,205708494,205708767,205709117,205709662,205710707,205710964,205711390,205712739,205713768,205714208,205714791,205716201,205717852,205719224,205719945,205725431,205729109,	205694444,205706880,205708683,205708867,205709200,205710070,205710884,205711055,205711467,205713147,205713853,205714291,205715184,205716387,205718038,205719248,205720021,205725540,205729861,	0	CR2	cmpl	cmpl	0,1,1,1,2,1,1,1,2,1,1,2,1,1,1,1,1,2,-1,
1355	NM_005068	chr6	-	100943470	101018272	100944957	101018065	11	100943470,100948083,100975386,101001864,101002742,101003075,101003959,101004187,101004859,101008358,101017890,	100945688,100948486,100975555,101002012,101002849,101003275,101004045,101004292,101004953,101008441,101018272,	0	SIM1	cmpl	cmpl	1,0,2,1,2,0,1,1,0,1,0,
840	NM_032509	chr8	+	33462226	33478319	33462266	33475689	10	33462226,33465437,33465579,33465793,33466047,33467344,33472601,33473684,33474291,33475491,	33462281,33465487,33465689,33465858,33466199,33467399,33472676,33473801,33474357,33478319,	0	MAK16	cmpl	cmpl	0,0,2,1,0,2,0,0,0,0,
180	NM_153712	chr2	+	112956213	113006693	112956392	113002843	7	112956213,112959964,112968190,112975253,112976959,112994329,113002728,	112956549,112960043,112968423,112975389,112977229,112994473,113006693,	0	TTL	cmpl	cmpl	0,1,2,1,2,2,2,
123	NM_181042	chr3	-	52554407	52688779	52557118	52688767	28	52554407,52559476,52559802,52570822,52572338,52573105,52585596,52588109,52595480,52596408,52598125,52612576,52618368,52624406,52626317,52636328,52637949,52643657,52651009,52652303,52653759,52657399,52660797,52667254,52671188,52677553,52687555,52688629,	52557291,52559693,52559873,52571024,52572549,52573289,52585754,52588255,52595744,52596566,52598311,52612788,52619011,52624512,52626594,52636426,52638091,52643871,52651101,52652399,52653845,52657498,52660866,52667371,52671332,52677701,52687653,52688779,	0	PBRM1	cmpl	cmpl	1,0,1,0,2,1,2,0,0,1,1,2,1,0,2,0,2,1,2,2,0,0,0,0,0,2,0,0,
950	NM_030884	chr3	-	47867183	47926882	47869525	47926735	12	47867183,47869656,47871741,47873924,47883739,47885707,47887306,47887720,47888410,47892178,47893910,47925531,	47869533,47869846,47871854,47874006,47883832,47885821,47887599,47887780,47888594,47892394,47894017,47926882,	0	MAP4	cmpl	cmpl	1,0,1,0,0,0,1,1,0,0,1,0,
1189	NM_173528	chr15	+	79213698	79228571	79213725	79227929	7	79213698,79214665,79215911,79217446,79223057,79227253,79227733,	79213794,79214755,79216144,79217531,79223216,79227327,79228571,	0	C15orf26	cmpl	cmpl	0,0,0,2,0,0,2,
181	NM_173521	chr9	-	113488721	113585600	113488870	113583095	26	113488721,113493651,113495899,113496331,113502054,113504205,113505981,113507347,113508668,113509955,113515200,113516545,113520284,113524509,113525892,113529733,113540380,113543576,113548334,113550192,113558425,113560184,113560795,113577891,113583030,113585488,	113488971,113494612,113496049,113496463,113502148,113504327,113506093,113507465,113508847,113510025,113515273,113516724,113520389,113524686,113526012,113530150,113540623,113543671,113548443,113550300,113558579,113560296,113560949,113578076,113583118,113585600,	0	C9orf84	cmpl	cmpl	1,0,0,0,2,0,2,1,2,1,0,1,1,1,1,1,1,2,1,1,0,2,1,2,0,-1,
220	NM_173515	chr6	-	154768124	154873445	154769179	154872940	13	154768124,154773168,154773759,154777124,154785331,154785740,154790953,154793297,154796291,154804117,154804913,154812920,154872888,	154769478,154773258,154773968,154777249,154785478,154785809,154791013,154793417,154796333,154804205,154805116,154813084,154873445,	0	CNKSR3	cmpl	cmpl	1,1,2,0,0,0,0,0,0,2,0,1,0,
2156	NM_172353	chr1	+	205992024	206035481	205992180	206033559	11	205992024,205996981,205997507,205999606,206001216,206006980,206010288,206023259,206025038,206025586,206033486,	205992277,205997170,205997610,205999692,206001414,206007163,206010330,206023298,206025074,206025650,206035481,	0	CD46	cmpl	cmpl	0,1,1,2,1,1,1,1,1,1,2,
1525	NM_012269	chr7	+	123272458	123304767	123295563	123304445	5	123272458,123275378,123295512,123302050,123304043,	123272975,123275448,123296517,123302140,123304767,	0	HYAL4	cmpl	cmpl	-1,-1,0,0,0,
12	NM_201414	chr21	-	26174732	26465009	26175851	26464809	16	26174732,26185904,26191755,26199206,26205923,26248774,26249811,26269253,26270137,26276527,26316026,26345186,26347422,26384129,26406166,26464752,	26175953,26186051,26191856,26199260,26206145,26248874,26249940,26269412,26270212,26276661,26316229,26345380,26347535,26384259,26406334,26465009,	0	APP	cmpl	cmpl	0,0,1,1,1,0,0,0,0,1,2,0,1,0,0,0,
1756	NM_172377	chrX	-	153533444	153535035	153533596	153534983	3	153533444,153533964,153534714,	153533735,153534099,153535035,	0	CTAG2	cmpl	cmpl	2,2,0,
1800	NM_001007255	chr1	+	159334777	159336760	159334949	159336172	4	159334777,159335759,159335992,159336474,	159335476,159335919,159336210,159336760,	0	KLHDC9	cmpl	cmpl	0,2,0,-1,
15	NM_002428	chr16	+	56616782	56638305	56617755	56636851	10	56616782,56628876,56629670,56631279,56631941,56633021,56633635,56634614,56634916,56636411,	56617917,56629025,56629799,56631587,56632103,56633275,56633774,56634765,56635032,56638305,	0	MMP15	cmpl	cmpl	0,0,2,2,1,1,0,1,2,1,
174	NM_002736	chr7	+	106472413	106589492	106472588	106587263	11	106472413,106497961,106549632,106555892,106568527,106573988,106578602,106580857,106584664,106584866,106587129,	106472895,106497997,106549685,106555976,106568634,106574142,106578704,106580932,106584730,106585005,106589492,	0	PRKAR2B	cmpl	cmpl	0,1,1,0,0,2,0,0,0,0,1,
758	NR_002175	chrY	-	22700521	22702366	22702366	22702366	3	22700521,22700832,22702127,	22700614,22700970,22702366,	0	TTTY6B	unk	unk	-1,-1,-1,
1419	NR_003024	chr7	-	109386519	109387506	109387506	109387506	1	109386519,	109387506,	0	EIF3IP1	unk	unk	-1,
125	NR_002924	chr17	-	55408166	55451118	55451118	55451118	12	55408166,55408798,55419589,55421406,55428095,55430280,55433372,55433812,55434390,55446442,55449569,55451084,	55408275,55408913,55419747,55421487,55428182,55430380,55433439,55433887,55434510,55446552,55449642,55451118,	0	DHX40P	unk	unk	-1,-1,-1,-1,-1,-1,-1,-1,-1,-1,-1,-1,
888	NR_002983	chr1	-	39805632	39805769	39805769	39805769	1	39805632,	39805769,	0	SNORA55	unk	unk	-1,
1029	NM_198893	chr19	-	58261678	58298499	58263141	58281341	7	58261678,58269204,58270121,58281326,58286477,58286701,58298329,	58265327,58269333,58270248,58281386,58286562,58286785,58298499,	0	ZNF160	cmpl	cmpl	1,1,0,0,-1,-1,-1,
655	NR_028491	chr11	-	9258779	9292872	9292872	9292872	8	9258779,9261493,9264577,9265824,9266564,9273381,9277706,9292443,	9259164,9261716,9264716,9265929,9266658,9273510,9277824,9292872,	0	TMEM41B	unk	unk	-1,-1,-1,-1,-1,-1,-1,-1,
118	NM_020846	chr4	+	48038369	48122972	48038513	48118851	8	48038369,48066622,48074669,48076463,48079341,48080420,48116898,48118784,	48038902,48066771,48074834,48076622,48079701,48080558,48117217,48122972,	0	SLAIN2	cmpl	cmpl	0,2,1,1,1,1,1,2,
91	NM_020689	chr20	+	19141289	19651541	19141486	19649784	17	19141289,19209602,19444131,19508643,19513614,19514084,19582705,19594507,19602244,19610501,19612819,19613743,19621902,19625440,19627211,19646171,19649634,	19141628,19209731,19444208,19508718,19513699,19514188,19582780,19594533,19602298,19610635,19612980,19614005,19622069,19625555,19627324,19646237,19651541,	0	SLC24A3	cmpl	cmpl	0,1,1,0,0,1,0,0,2,2,1,0,1,0,1,0,0,
1013	NM_144507	chr19	-	56191075	56196770	56191253	56196235	3	56191075,56196165,56196599,	56191282,56196243,56196770,	0	KLK8	cmpl	cmpl	1,0,-1,
2269	NM_139352	chr1	-	220798287	220829878	220798624	220819786	10	220798287,220801328,220803137,220804023,220809474,220810499,220817409,220819723,220828407,220829691,	220798737,220801483,220803261,220804090,220809633,220810630,220817608,220819837,220828530,220829878,	0	TAF1A	cmpl	cmpl	1,2,1,0,0,1,0,0,-1,-1,
1355	NM_001078	chr1	+	100957884	100977189	100958004	100976427	9	100957884,100958619,100961163,100962767,100967250,100969341,100970561,100972645,100976266,	100958068,100958895,100961484,100963034,100967526,100969662,100970828,100972912,100977189,	0	VCAM1	cmpl	cmpl	0,1,1,1,1,1,1,1,1,
923	NM_001014835	chr19	+	44308259	44361886	44352033	44361059	9	44308259,44350709,44352011,44356055,44357410,44357791,44359069,44360154,44360903,	44308399,44350782,44352237,44356490,44357544,44357918,44359195,44360289,44361886,	0	PAK4	cmpl	cmpl	-1,-1,0,0,0,2,0,0,0,
1	NM_016529	chr13	+	24844208	25493420	24844350	25492123	37	24844208,24941114,25002136,25002699,25004409,25005410,25010125,25012456,25014056,25015428,25023475,25025930,25027128,25031110,25031858,25036093,25042904,25043747,25046945,25049206,25050952,25051945,25053956,25061772,25171310,25241183,25246986,25300255,25309300,25311683,25332332,25332941,25334438,25433712,25440712,25484668,25492025,	24844426,24941259,25002236,25002798,25004455,25005451,25010199,25012526,25014184,25015540,25023641,25026058,25027206,25031199,25031903,25036169,25043010,25043830,25046995,25049276,25051037,25052085,25054095,25061837,25171483,25241367,25247097,25300330,25309423,25311762,25332394,25332998,25334546,25433801,25440817,25484760,25493420,	0	ATP8A2	cmpl	cmpl	0,1,2,0,0,1,0,2,0,2,0,1,0,0,2,2,0,1,0,2,0,1,0,1,0,2,0,0,0,0,1,0,0,0,2,2,1,
935	NM_006641	chr3	+	45903054	45919670	45917320	45918394	2	45903054,45917305,	45903151,45919670,	0	CCR9	cmpl	cmpl	-1,0,
123	NM_018313	chr3	-	52554407	52694906	52557118	52688767	30	52554407,52559476,52559802,52563779,52570822,52572419,52573105,52585596,52588109,52595480,52596408,52598125,52612576,52618368,52624406,52626317,52636328,52637949,52643657,52651009,52652303,52653759,52657399,52660797,52667254,52671188,52677553,52687555,52688629,52694804,	52557291,52559693,52559873,52563935,52571024,52572549,52573289,52585754,52588255,52595744,52596491,52598311,52612788,52619011,52624512,52626594,52636426,52638091,52643871,52651101,52652399,52653845,52657498,52660866,52667371,52671332,52677701,52687653,52688779,52694906,	0	PBRM1	cmpl	cmpl	1,0,1,1,0,2,1,2,0,0,1,1,2,1,0,2,0,2,1,2,2,0,0,0,0,0,2,0,0,-1,
160	NM_138316	chr10	-	91332728	91393627	91334142	91393461	6	91332728,91338388,91342933,91348988,91361432,91393433,	91334202,91338514,91343057,91349242,91361785,91393627,	0	PANK1	cmpl	cmpl	0,0,2,0,1,0,
104	NM_005690	chr12	+	32723403	32789851	32723564	32787611	18	32723403,32745615,32751567,32752353,32755129,32757409,32762843,32764864,32766627,32775214,32775556,32776054,32777915,32781305,32784264,32784609,32786789,32787554,	32723666,32745763,32751614,32752425,32755216,32757572,32762964,32764996,32766834,32775335,32775712,32776144,32778008,32781362,32784441,32784719,32786949,32789851,	0	DNM1L	cmpl	cmpl	0,0,1,0,0,0,1,2,2,2,0,0,0,0,0,0,2,0,
926	NM_033210	chr3	+	44729138	44740325	44736757	44738948	4	44729138,44731086,44736698,44737368,	44729240,44731184,44736812,44740325,	0	ZNF502	cmpl	cmpl	-1,-1,0,1,
1333	NM_033207	chr10	-	98092964	98109082	98095687	98108643	6	98092964,98098035,98099453,98101124,98105001,98108640,	98095864,98098092,98099573,98101157,98105037,98109082,	0	OPALIN	cmpl	cmpl	0,0,0,0,0,0,
1594	NM_001165884	chr12	+	132268067	132289534	132268656	132288821	7	132268067,132268604,132274530,132278192,132278566,132280086,132288802,	132268345,132268689,132274731,132278274,132278662,132280192,132289534,	0	ZNF268	cmpl	cmpl	-1,0,0,0,1,1,2,
942	NM_003684	chr1	-	46795677	46842553	46796833	46832405	14	46795677,46798492,46799736,46800907,46803299,46806701,46809675,46810321,46813205,46814833,46818788,46821486,46832371,46842443,	46797059,46798536,46799901,46801102,46803395,46806757,46809798,46810426,46813279,46814913,46818886,46821588,46832539,46842553,	0	MKNK1	cmpl	cmpl	2,0,0,0,0,1,1,1,2,0,1,1,0,-1,
733	NM_198537	chr19	+	19500719	19509393	19500741	19509333	7	19500719,19501172,19504440,19506842,19507145,19507337,19509127,	19500800,19501322,19504549,19506953,19507259,19507488,19509393,	0	YJEFN3	cmpl	cmpl	0,2,2,0,0,0,1,
642	NM_020533	chr19	+	7493495	7504894	7493636	7504681	14	7493495,7495846,7497324,7497646,7498405,7498749,7499043,7499482,7499706,7499986,7500475,7501171,7504408,7504644,	7493667,7496052,7497492,7497812,7498514,7498846,7499143,7499589,7499856,7500088,7500598,7501387,7504539,7504894,	0	MCOLN1	cmpl	cmpl	0,1,0,0,1,2,0,1,0,0,0,0,0,2,
2366	NM_206895	chr2	+	233443237	233449351	233443295	233449310	3	233443237,233448893,233449200,	233443368,233449076,233449351,	0	C2orf82	cmpl	cmpl	0,1,1,
14	NM_139046	chr10	+	49279692	49313189	49279709	49312944	11	49279692,49282900,49287927,49288078,49298203,49302562,49303936,49304428,49305128,49309241,49312927,	49279831,49283030,49287986,49288217,49298369,49302634,49304119,49304553,49305192,49309319,49313189,	0	MAPK8	cmpl	cmpl	0,2,0,2,0,1,1,1,0,1,1,
9	NM_139045	chr9	+	2005341	2183623	2019022	2182739	33	2005341,2018986,2022951,2029465,2037228,2044596,2046671,2048290,2050815,2060417,2063211,2063565,2066228,2067628,2071831,2073346,2074085,2076828,2078499,2086656,2087384,2091569,2094002,2100253,2105821,2109457,2113718,2151685,2171570,2172140,2176095,2181265,2182703,	2005404,2019247,2023081,2029900,2037484,2044723,2046845,2048464,2050986,2060471,2063342,2063623,2066329,2067776,2071995,2073413,2074196,2077071,2078613,2086764,2087471,2091616,2094169,2100417,2106049,2109535,2113937,2151903,2171676,2172242,2176228,2181408,2183623,	0	SMARCA2	cmpl	cmpl	-1,0,0,1,1,2,0,0,0,0,0,2,0,2,0,2,0,0,0,0,0,0,2,1,0,0,0,0,2,0,0,1,0,
967	NM_181598	chr14	+	50096492	50169534	50096733	50168807	13	50096492,50124298,50127408,50128002,50130313,50132043,50149726,50150840,50157066,50158310,50159644,50164498,50168696,	50096767,50124546,50127543,50128107,50130364,50132100,50149819,50150979,50157194,50158367,50159716,50164930,50169534,	0	ATL1	cmpl	cmpl	0,1,0,0,0,0,0,0,1,0,0,0,0,
1627	NM_001077441	chr6	-	136619693	136652682	136623940	136642697	13	136619693,136624095,136629859,136630992,136632267,136634825,136635912,136638362,136638673,136640695,136642593,136645414,136652543,	136623946,136624308,136630006,136631170,136632443,136634910,136636018,136638532,136638820,136641607,136642707,136645518,136652682,	0	BCLAF1	cmpl	cmpl	0,0,0,2,0,2,1,2,2,2,0,-1,-1,
88	NM_021235	chr19	-	16333407	16443762	16333580	16443756	23	16333407,16348932,16356939,16357981,16364114,16365761,16367154,16374131,16375543,16376398,16385583,16389362,16389758,16393129,16396893,16400512,16406175,16408747,16409580,16412672,16413702,16413988,16443723,	16333795,16349065,16357022,16358042,16364251,16365812,16367278,16374296,16375741,16376560,16385656,16389448,16389915,16393287,16397127,16400572,16406301,16408810,16409676,16412720,16413792,16414030,16443762,	0	EPS15L1	cmpl	cmpl	1,0,1,0,1,1,0,0,0,0,2,0,2,0,0,0,0,0,0,0,0,0,0,
118	NM_015381	chr22	+	47350781	47533750	47350956	47531665	4	47350781,47428844,47489534,47531656,	47351047,47428994,47489662,47533750,	0	FAM19A5	cmpl	cmpl	0,1,1,0,
76	NM_021945	chr6	-	3214206	3390217	3218287	3355490	11	3214206,3229084,3230311,3232091,3234996,3243323,3269066,3355420,3360984,3377326,3390051,	3218645,3229208,3230344,3232324,3235099,3243451,3269235,3355575,3361088,3377571,3390217,	0	SLC22A23	cmpl	cmpl	2,1,1,2,1,2,1,0,-1,-1,-1,
161	NM_014391	chr10	-	92661836	92671012	92662602	92670764	9	92661836,92665279,92665518,92665907,92667468,92668601,92668867,92669905,92670737,	92662713,92665378,92665617,92666006,92667567,92668709,92669005,92670085,92671012,	0	ANKRD1	cmpl	cmpl	0,0,0,0,0,0,0,0,0,
831	NM_021209	chr2	-	32303021	32344305	32303045	32335348	9	32303021,32313973,32314819,32316704,32319605,32328179,32330991,32335347,32344159,	32303338,32314141,32314912,32316875,32319698,32330174,32331252,32335466,32344305,	0	NLRC4	cmpl	cmpl	1,1,1,1,1,1,1,0,-1,
951	NM_152782	chr7	-	47993270	48035241	47993451	48035060	11	47993270,47994909,48000436,48002152,48012090,48013286,48015156,48023383,48031998,48034938,48035150,	47993571,47995002,48000604,48002268,48012175,48013449,48015197,48023487,48032060,48035066,48035241,	0	SUNC1	cmpl	cmpl	0,0,0,1,0,2,0,1,2,0,-1,
1258	NM_152706	chr7	-	88261355	88262967	88261430	88262192	2	88261355,88262889,	88262296,88262967,	0	MGC26647	cmpl	cmpl	0,-1,
157	NM_181646	chr7	+	88226688	88804282	88227226	88804282	4	88226688,88685404,88794593,88800612,	88227334,88685545,88794724,88804282,	0	ZNF804B	cmpl	cmpl	0,0,0,2,
635	NM_207411	chr8	-	6653449	6680447	6657170	6680425	7	6653449,6660737,6666800,6668452,6670096,6677648,6680367,	6657270,6660850,6666970,6668662,6670281,6677832,6680447,	0	XKR5	cmpl	cmpl	2,0,1,1,2,1,0,
156	NM_003130	chr7	-	87672367	87687329	87673728	87687277	8	87672367,87675757,87676589,87677233,87678132,87684372,87686109,87687226,	87673755,87675816,87676703,87677381,87678176,87684442,87686193,87687329,	0	SRI	cmpl	cmpl	0,1,1,0,1,0,0,0,
1368	NM_001163813	chr10	+	102737282	102744148	102739509	102743257	5	102737282,102739390,102740182,102740615,102742936,	102737360,102739631,102740290,102740757,102744148,	0	C10orf2	cmpl	cmpl	-1,0,2,2,0,
1368	NM_001163812	chr10	+	102737282	102744148	102737957	102740772	5	102737282,102739390,102740182,102740615,102742936,	102739200,102739631,102740290,102740801,102744148,	0	C10orf2	cmpl	cmpl	0,1,2,2,-1,
181	NM_001163790	chr9	-	114020538	114135765	114025951	114135578	15	114020538,114026233,114029511,114030480,114033480,114034199,114036920,114053029,114054778,114064535,114070149,114077944,114099932,114132541,114135570,	114026084,114026311,114029728,114030573,114033514,114034339,114036998,114053204,114054889,114064700,114070296,114078114,114100017,114132575,114135765,	0	ROD1	cmpl	cmpl	2,2,1,1,0,1,1,0,0,0,0,1,0,2,0,
635	NM_001134388	chr7	+	6583589	6595134	6586717	6595066	9	6583589,6583745,6584721,6586710,6587762,6588228,6589461,6591171,6594772,	6583654,6583876,6584876,6586834,6587836,6588407,6589587,6591416,6595134,	0	ZDHHC4	cmpl	cmpl	-1,-1,-1,0,0,2,1,1,0,
635	NM_001134387	chr7	+	6583589	6595134	6586717	6595066	8	6583589,6584721,6586710,6587762,6588228,6589461,6591171,6594772,	6583876,6584876,6586834,6587836,6588407,6589587,6591416,6595134,	0	ZDHHC4	cmpl	cmpl	-1,-1,0,0,2,1,1,0,
977	NM_014703	chr3	-	51408337	51509041	51411239	51492884	25	51408337,51411205,51415616,51424872,51425486,51425775,51426443,51427117,51429280,51430609,51431171,51432227,51434797,51439862,51441752,51442524,51450025,51450440,51452821,51472169,51475858,51479984,51492774,51505789,51508928,	51409595,51411298,51415869,51424974,51425560,51425880,51426537,51427351,51429365,51430692,51431370,51433491,51434922,51440032,51441962,51442704,51450127,51450953,51452959,51472283,51475932,51480061,51492892,51505836,51509041,	0	VPRBP	cmpl	cmpl	-1,1,0,0,1,1,0,0,2,0,2,1,2,0,0,0,0,0,0,0,1,2,0,-1,-1,
79	NM_007273	chr12	-	6944777	6950152	6945108	6949967	9	6944777,6945843,6946594,6947099,6947315,6947834,6948921,6949619,6949840,	6945138,6945924,6946672,6947203,6947445,6948019,6949001,6949704,6950152,	0	PHB2	cmpl	cmpl	0,0,0,1,0,1,2,1,0,
87	NM_001145848	chr4	-	15578946	15694721	15581787	15686627	27	15578946,15581763,15590115,15590601,15591142,15594983,15596480,15596677,15598383,15600452,15601942,15602968,15604707,15609105,15611216,15617258,15619669,15623995,15626886,15629043,15634046,15635015,15635912,15644024,15649666,15686407,15694698,	15580089,15581803,15590184,15590625,15591258,15595076,15596549,15596758,15598437,15600545,15602014,15603112,15604792,15609209,15611340,15617411,15619829,15624059,15626961,15629261,15634136,15635079,15636033,15644230,15649722,15686839,15694721,	0	PROM1	cmpl	cmpl	-1,2,2,2,0,0,0,0,0,0,0,0,2,0,2,2,1,0,0,1,1,0,2,0,1,0,-1,
1636	NM_016606	chr5	+	137802674	137810557	137802796	137809339	8	137802674,137804603,137804972,137808002,137808341,137808821,137809055,137809270,	137802828,137804676,137805049,137808123,137808455,137808963,137809186,137810557,	0	REEP2	cmpl	cmpl	0,2,0,2,0,0,1,0,
1131	NM_001567	chr11	+	71613529	71627834	71613676	71627045	28	71613529,71616881,71617039,71617418,71617781,71618156,71618354,71618615,71618812,71619053,71619487,71619684,71620189,71620931,71621317,71621566,71621766,71622132,71622346,71622972,71623218,71623807,71623987,71624366,71624537,71625815,71626733,71626954,	71613858,71616945,71617190,71617539,71617922,71618250,71618444,71618711,71618963,71619160,71619590,71619881,71620307,71621028,71621456,71621666,71621855,71622214,71622436,71623086,71623307,71623895,71624143,71624445,71624678,71626488,71626867,71627834,	0	INPPL1	cmpl	cmpl	0,2,0,1,2,2,0,0,0,1,0,1,0,1,2,0,1,0,1,1,1,0,1,1,2,2,0,2,
891	NM_005376	chr1	-	40137872	40140274	40139072	40139693	2	40137872,40140066,	40139702,40140274,	0	MYCL1	cmpl	cmpl	0,-1,
1015	NM_005371	chr12	-	56448617	56452181	56449045	56452133	6	56448617,56449352,56449614,56449821,56451143,56452023,	56449201,56449454,56449728,56450006,56451307,56452181,	0	METTL1	cmpl	cmpl	0,0,0,1,2,0,
85	NM_002828	chr18	-	12783246	12874334	12784276	12874140	9	12783246,12791968,12804201,12807154,12815808,12820941,12826789,12849162,12874071,	12784484,12792150,12804354,12807364,12815943,12821040,12826890,12849253,12874334,	0	PTPN2	cmpl	cmpl	2,0,0,0,0,0,1,0,0,
658	NM_002258	chr12	-	9639136	9651764	9639136	9651702	6	9639136,9641908,9642361,9643629,9645363,9651617,	9639284,9642024,9642516,9643704,9645462,9651764,	0	KLRB1	cmpl	cmpl	2,0,1,1,1,0,
92	NM_032812	chr10	+	20145377	20609121	20146014	20608754	14	20145377,20330709,20375803,20397104,20472229,20476718,20493402,20505933,20506262,20540603,20546360,20547998,20574279,20608637,	20146126,20330921,20375950,20397174,20472352,20476837,20493502,20506029,20506344,20540664,20546511,20548037,20574440,20609121,	0	PLXDC2	cmpl	cmpl	0,1,0,0,1,1,0,1,1,2,0,1,1,0,
2314	NM_016102	chr1	-	226662260	226671206	226662524	226669396	7	226662260,226663495,226663712,226665269,226668120,226668967,226670862,	226663075,226663599,226663735,226665500,226668216,226669437,226671206,	0	TRIM17	cmpl	cmpl	1,2,0,0,0,0,-1,
1667	NM_152616	chr3	+	141879570	141902681	141879761	141902506	5	141879570,141883993,141889253,141892499,141902419,	141880102,141884691,141890074,141892724,141902681,	0	TRIM42	cmpl	cmpl	0,2,1,0,0,
911	NM_152606	chr19	+	42734147	42796836	42781188	42796004	5	42734147,42781116,42782366,42783750,42794253,	42734407,42781197,42782493,42783846,42796836,	0	ZNF540	cmpl	cmpl	-1,0,0,1,1,
1309	NM_152592	chr14	-	94953583	95011926	94953915	95011911	17	94953583,94968168,94969349,94972909,94975122,94975701,94976003,94979244,94980574,94981998,94986020,94988336,94991466,94993266,95002020,95003884,95011767,	94954116,94968207,94969499,94973071,94975252,94975874,94976165,94979379,94980718,94982181,94986195,94988473,94991814,94993428,95002330,95004057,95011926,	0	C14orf49	cmpl	cmpl	0,0,0,0,2,0,0,0,0,0,2,0,0,0,2,0,0,
87	NM_152581	chrX	+	14801483	14849378	14801571	14847852	15	14801483,14801731,14820765,14823350,14825126,14828617,14831008,14836902,14839279,14840291,14842545,14843710,14844239,14846722,14847714,	14801580,14801801,14820921,14823437,14825281,14828678,14831047,14837027,14839456,14840404,14842642,14843807,14844369,14846825,14849378,	0	MOSPD2	cmpl	cmpl	0,0,1,1,1,0,1,1,0,0,2,0,1,2,0,
1330	NM_177455	chr7	+	97679501	97680207	97679557	97680127	1	97679501,	97680207,	0	BHLHA15	cmpl	cmpl	0,
1299	NM_152429	chr10	-	93656324	93659238	93657929	93658706	2	93656324,93659134,	93658784,93659238,	0	FGFBP3	cmpl	cmpl	0,-1,
620	NM_152430	chr11	+	4621731	4633290	4630332	4631289	2	4621731,4630293,	4621836,4633290,	0	OR51E1	cmpl	cmpl	-1,0,
830	NM_003908	chr20	-	32139775	32163746	32141196	32163577	9	32139775,32141983,32145141,32148123,32148882,32149964,32154928,32156834,32163562,	32141372,32142069,32145198,32148272,32148983,32150100,32155032,32157012,32163746,	0	EIF2S2	cmpl	cmpl	1,2,2,0,1,0,1,0,0,
1345	NM_001004736	chr3	+	99671110	99672062	99671110	99672037	1	99671110,	99672062,	0	OR5K1	cmpl	cmpl	0,